1
992
2 1 830044118
3 2 173928771
4 1 159396200
5 3 797824909
6 4 38708414
7 2 552392539
8 5 957431659
9 7 16395749
10 8 404120703
11 6 593155091
12 11 957431659
13 8 159396200
14 11 102797676
15 12 974877662
16 11 405692191
17 12 684089266
18 14 684089266
19 16 85325925
20 17 37443684
21 19 430103524
22 17 315195032
23 20 49010113
24 22 957431659
25 21 16395749
26 22 625848394
27 22 406747209
28 23 593155091
29 26 152343783
30 26 625848394
31 27 404115555
32 30 257302764
33 29 37443684
34 30 404115555
35 34 406747209
36 32 477592283
37 34 173928771
38 33 21295295
39 36 159396200
40 36 430103524
41 38 593155091
42 41 888389987
43 40 477592283
44 42 676867881
45 41 430103524
46 41 888389987
47 45 524081798
48 45 583099949
49 48 159396200
50 48 152343783
51 46 571557009
52 51 882598263
53 52 211421592
54 49 457295564
55 51 406747209
56 53 404115555
57 53 430103524
58 56 830044118
59 58 404911012
60 55 430103524
61 60 524081798
62 61 211421592
63 59 21295295
64 62 684089266
65 62 173928771
66 61 797824909
67 65 173928771
68 64 597098752
69 66 830044118
70 66 487893933
71 66 213945819
72 69 457295564
73 69 625848394
74 71 583099949
75 73 21295295
76 71 315195032
77 73 406747209
78 75 102797676
79 76 16395749
80 79 552392539
81 76 305242711
82 78 305242711
83 81 478039548
84 82 571557009
85 83 257302764
86 84 478039548
87 83 467200824
88 87 552392539
89 88 211421592
90 89 213945819
91 88 16395749
92 91 684089266
93 89 888389987
94 92 888389987
95 92 537758377
96 93 750066150
97 95 583099949
98 95 16395749
99 97 173928771
100 96 487893933
101 97 957431659
102 101 882598263
103 98 830044118
104 101 315195032
105 101 21295295
106 103 571557009
107 106 16395749
108 107 85325925
109 105 405692191
110 108 552392539
111 110 888389987
112 110 625848394
113 108 39652252
114 110 163470050
115 112 211421592
116 115 552392539
117 114 85325925
118 117 315195032
119 116 684089266
120 115 597098752
121 119 406747209
122 120 478039548
123 121 593155091
124 123 211421592
125 124 830044118
126 122 487893933
127 125 597098752
128 123 49010113
129 126 287681875
130 126 571557009
131 128 49010113
132 127 305242711
133 130 132598533
134 129 552392539
135 132 524081798
136 133 404120703
137 132 406747209
138 133 132598533
139 136 85325925
140 135 684089266
141 137 257302764
142 137 102797676
143 142 213945819
144 142 39652252
145 143 163470050
146 143 684089266
147 142 457295564
148 146 797824909
149 146 467200824
150 146 287681875
151 149 684089266
152 148 583099949
153 152 583099949
154 151 38708414
155 150 406747209
156 151 478039548
157 156 358889852
158 155 16395749
159 157 467200824
160 156 593155091
161 158 830044118
162 158 597098752
163 160 315195032
164 162 684089266
165 164 49010113
166 161 537758377
167 165 257302764
168 164 583099949
169 165 457295564
170 167 593155091
171 166 583099949
172 167 487893933
173 169 457295564
174 172 797824909
175 173 797824909
176 173 37443684
177 175 524081798
178 176 49010113
179 178 830044118
180 176 213883858
181 176 38708414
182 179 552392539
183 179 406747209
184 181 597098752
185 184 404115555
186 185 524081798
187 184 16395749
188 187 487893933
189 186 159396200
190 187 315195032
191 189 159396200
192 187 163470050
193 189 85325925
194 192 38708414
195 191 152343783
196 193 213883858
197 194 467200824
198 193 173928771
199 194 750066150
200 195 38708414
201 198 132598533
202 199 552392539
203 200 430103524
204 202 211421592
205 202 467200824
206 202 684089266
207 203 467200824
208 206 305242711
209 207 430103524
210 206 676867881
211 209 37443684
212 207 797824909
213 210 957431659
214 211 477592283
215 213 477592283
216 212 477592283
217 212 287681875
218 216 257302764
219 216 16395749
220 216 404115555
221 216 797824909
222 221 287681875
223 221 102797676
224 221 888389987
225 221 213883858
226 224 21295295
227 226 888389987
228 224 552392539
229 224 478039548
230 227 957431659
231 226 882598263
232 230 173928771
233 228 287681875
234 232 163470050
235 232 583099949
236 235 797824909
237 236 797824909
238 233 750066150
239 237 830044118
240 236 21295295
241 240 597098752
242 239 684089266
243 239 404115555
244 243 85325925
245 244 477592283
246 245 159396200
247 242 888389987
248 244 404115555
249 246 85325925
250 245 625848394
251 248 152343783
252 249 132598533
253 250 21295295
254 252 287681875
255 254 159396200
256 254 478039548
257 256 974877662
258 257 159396200
259 254 457295564
260 255 85325925
261 257 405692191
262 260 430103524
263 262 287681875
264 259 593155091
265 263 173928771
266 263 957431659
267 262 559005160
268 263 957431659
269 266 49010113
270 268 882598263
271 270 38708414
272 270 457295564
273 271 888389987
274 273 974877662
275 274 597098752
276 273 537758377
277 274 888389987
278 275 552392539
279 278 552392539
280 279 487893933
281 278 467200824
282 278 593155091
283 278 597098752
284 280 830044118
285 283 571557009
286 283 257302764
287 283 888389987
288 287 16395749
289 285 830044118
290 287 957431659
291 289 797824909
292 288 467200824
293 291 478039548
294 290 404115555
295 292 16395749
296 294 358889852
297 293 404911012
298 295 750066150
299 295 750066150
300 295 583099949
301 300 85325925
302 298 152343783
303 301 524081798
304 299 597098752
305 300 213883858
306 304 405692191
307 304 37443684
308 303 625848394
309 305 152343783
310 309 537758377
311 306 430103524
312 308 358889852
313 310 750066150
314 310 358889852
315 312 750066150
316 313 49010113
317 312 159396200
318 316 404115555
319 315 750066150
320 319 430103524
321 320 478039548
322 321 552392539
323 320 406747209
324 319 404120703
325 324 882598263
326 323 38708414
327 324 404911012
328 326 467200824
329 326 625848394
330 329 571557009
331 327 213883858
332 330 552392539
333 331 159396200
334 330 163470050
335 331 163470050
336 335 152343783
337 332 404115555
338 333 467200824
339 334 830044118
340 338 974877662
341 338 213945819
342 337 957431659
343 338 213945819
344 340 559005160
345 342 39652252
346 342 257302764
347 346 404115555
348 346 593155091
349 344 597098752
350 347 152343783
351 348 477592283
352 350 404911012
353 348 487893933
354 349 571557009
355 352 39652252
356 352 882598263
357 356 888389987
358 355 478039548
359 355 132598533
360 357 287681875
361 359 684089266
362 360 406747209
363 362 457295564
364 362 404911012
365 362 49010113
366 364 593155091
367 365 797824909
368 363 49010113
369 368 571557009
370 368 287681875
371 369 830044118
372 367 102797676
373 372 888389987
374 371 957431659
375 374 404911012
376 371 957431659
377 373 888389987
378 376 102797676
379 378 16395749
380 377 211421592
381 376 797824909
382 380 404911012
383 380 457295564
384 381 404911012
385 381 159396200
386 385 593155091
387 384 487893933
388 387 750066150
389 388 477592283
390 387 315195032
391 387 287681875
392 390 163470050
393 391 750066150
394 392 213883858
395 394 39652252
396 394 315195032
397 395 85325925
398 395 467200824
399 398 38708414
400 398 882598263
401 397 537758377
402 397 173928771
403 400 287681875
404 401 163470050
405 400 305242711
406 402 957431659
407 405 132598533
408 404 487893933
409 408 159396200
410 408 85325925
411 409 211421592
412 409 132598533
413 408 537758377
414 409 477592283
415 411 559005160
416 415 257302764
417 413 315195032
418 414 625848394
419 416 213883858
420 415 430103524
421 420 85325925
422 421 882598263
423 420 478039548
424 419 797824909
425 423 49010113
426 424 487893933
427 424 173928771
428 424 593155091
429 425 213883858
430 429 159396200
431 430 676867881
432 428 152343783
433 428 21295295
434 429 257302764
435 431 159396200
436 435 257302764
437 436 213883858
438 434 38708414
439 434 406747209
440 436 163470050
441 438 404115555
442 441 405692191
443 442 37443684
444 440 457295564
445 444 315195032
446 443 37443684
447 442 467200824
448 443 571557009
449 446 152343783
450 448 430103524
451 448 625848394
452 447 457295564
453 451 478039548
454 449 404115555
455 454 37443684
456 452 211421592
457 456 750066150
458 453 85325925
459 458 257302764
460 458 888389987
461 460 152343783
462 458 537758377
463 460 85325925
464 463 305242711
465 462 478039548
466 464 21295295
467 466 358889852
468 465 21295295
469 466 211421592
470 469 404120703
471 467 593155091
472 470 882598263
473 470 38708414
474 471 882598263
475 474 85325925
476 474 888389987
477 473 457295564
478 475 593155091
479 476 957431659
480 475 16395749
481 477 404120703
482 478 404120703
483 478 478039548
484 483 478039548
485 480 430103524
486 484 49010113
487 485 49010113
488 484 830044118
489 486 38708414
490 489 38708414
491 490 537758377
492 491 404115555
493 491 173928771
494 489 405692191
495 490 467200824
496 492 559005160
497 492 957431659
498 494 406747209
499 497 16395749
500 495 406747209
501 498 597098752
502 501 593155091
503 499 21295295
504 503 405692191
505 504 173928771
506 504 684089266
507 505 38708414
508 505 406747209
509 508 597098752
510 508 552392539
511 507 750066150
512 511 404911012
513 511 163470050
514 512 159396200
515 512 882598263
516 514 457295564
517 516 102797676
518 514 957431659
519 517 21295295
520 517 478039548
521 519 559005160
522 519 132598533
523 518 430103524
524 519 405692191
525 524 571557009
526 525 625848394
527 522 315195032
528 527 750066150
529 527 16395749
530 529 571557009
531 529 315195032
532 530 597098752
533 531 552392539
534 533 173928771
535 531 358889852
536 533 593155091
537 532 405692191
538 533 467200824
539 536 49010113
540 535 287681875
541 537 213883858
542 541 16395749
543 539 406747209
544 539 163470050
545 544 797824909
546 545 684089266
547 542 625848394
548 547 16395749
549 546 571557009
550 546 888389987
551 546 888389987
552 550 16395749
553 550 797824909
554 549 430103524
555 552 888389987
556 554 888389987
557 552 478039548
558 555 797824909
559 555 487893933
560 555 467200824
561 558 159396200
562 561 213883858
563 562 684089266
564 560 406747209
565 560 467200824
566 565 676867881
567 564 358889852
568 566 676867881
569 567 405692191
570 568 404120703
571 570 405692191
572 568 797824909
573 572 404115555
574 571 457295564
575 573 16395749
576 572 625848394
577 575 315195032
578 575 305242711
579 576 457295564
580 575 487893933
581 577 487893933
582 579 213883858
583 578 583099949
584 582 85325925
585 581 478039548
586 585 593155091
587 585 974877662
588 586 305242711
589 585 593155091
590 586 559005160
591 587 524081798
592 588 676867881
593 589 552392539
594 589 173928771
595 593 593155091
596 595 406747209
597 592 404911012
598 593 625848394
599 596 888389987
600 596 404911012
601 599 552392539
602 600 830044118
603 599 797824909
604 600 38708414
605 600 406747209
606 603 49010113
607 605 478039548
608 603 287681875
609 605 457295564
610 605 684089266
611 610 457295564
612 611 537758377
613 612 102797676
614 611 750066150
615 611 213883858
616 614 159396200
617 615 38708414
618 614 404120703
619 614 38708414
620 617 467200824
621 619 830044118
622 618 974877662
623 619 957431659
624 620 467200824
625 621 102797676
626 625 287681875
627 623 305242711
628 625 974877662
629 625 406747209
630 627 552392539
631 630 467200824
632 631 132598533
633 632 684089266
634 632 211421592
635 633 684089266
636 635 882598263
637 633 684089266
638 634 583099949
639 638 257302764
640 637 287681875
641 639 406747209
642 641 16395749
643 639 457295564
644 643 478039548
645 644 537758377
646 645 315195032
647 643 524081798
648 644 597098752
649 647 593155091
650 646 287681875
651 649 159396200
652 650 211421592
653 652 430103524
654 649 957431659
655 650 39652252
656 654 287681875
657 652 477592283
658 656 487893933
659 654 173928771
660 658 49010113
661 656 625848394
662 659 457295564
663 662 85325925
664 662 537758377
665 664 477592283
666 665 559005160
667 662 16395749
668 663 85325925
669 667 38708414
670 667 102797676
671 669 305242711
672 668 39652252
673 669 37443684
674 672 524081798
675 670 882598263
676 674 152343783
677 676 974877662
678 676 173928771
679 675 457295564
680 675 49010113
681 676 211421592
682 678 49010113
683 682 477592283
684 681 405692191
685 683 38708414
686 683 152343783
687 686 85325925
688 684 830044118
689 685 571557009
690 685 85325925
691 690 49010113
692 688 287681875
693 691 173928771
694 690 571557009
695 691 797824909
696 691 85325925
697 694 457295564
698 694 21295295
699 694 559005160
700 695 404115555
701 696 583099949
702 697 524081798
703 700 478039548
704 703 571557009
705 700 21295295
706 705 159396200
707 703 552392539
708 707 315195032
709 705 16395749
710 706 797824909
711 706 49010113
712 711 552392539
713 710 478039548
714 711 49010113
715 713 152343783
716 711 467200824
717 715 406747209
718 713 430103524
719 716 37443684
720 716 571557009
721 717 358889852
722 719 797824909
723 721 405692191
724 719 524081798
725 724 537758377
726 721 583099949
727 723 888389987
728 726 430103524
729 725 39652252
730 729 173928771
731 730 524081798
732 729 430103524
733 728 16395749
734 733 559005160
735 732 85325925
736 733 38708414
737 736 21295295
738 733 38708414
739 735 358889852
740 735 957431659
741 740 163470050
742 740 571557009
743 741 287681875
744 740 163470050
745 744 406747209
746 744 163470050
747 745 524081798
748 743 213945819
749 748 676867881
750 748 358889852
751 747 625848394
752 747 38708414
753 749 478039548
754 752 404120703
755 750 559005160
756 752 552392539
757 755 830044118
758 754 457295564
759 758 163470050
760 756 625848394
761 759 152343783
762 759 16395749
763 758 37443684
764 760 467200824
765 760 487893933
766 764 750066150
767 763 571557009
768 765 552392539
769 765 676867881
770 767 404911012
771 767 830044118
772 768 537758377
773 770 888389987
774 771 583099949
775 774 102797676
776 771 524081798
777 774 888389987
778 777 39652252
779 778 750066150
780 779 593155091
781 780 406747209
782 777 287681875
783 782 132598533
784 779 457295564
785 784 213883858
786 785 358889852
787 784 571557009
788 783 16395749
789 785 132598533
790 787 405692191
791 787 406747209
792 790 287681875
793 788 882598263
794 793 406747209
795 793 467200824
796 793 882598263
797 792 213945819
798 793 38708414
799 798 477592283
800 795 39652252
801 800 888389987
802 800 559005160
803 802 684089266
804 803 152343783
805 802 257302764
806 805 597098752
807 805 257302764
808 806 467200824
809 806 625848394
810 808 132598533
811 810 287681875
812 811 597098752
813 812 524081798
814 813 571557009
815 810 287681875
816 813 797824909
817 816 305242711
818 816 404115555
819 815 213883858
820 815 152343783
821 816 305242711
822 817 888389987
823 820 213945819
824 821 39652252
825 823 211421592
826 825 287681875
827 824 684089266
828 824 287681875
829 828 85325925
830 827 597098752
831 830 537758377
832 827 49010113
833 828 404115555
834 830 102797676
835 830 16395749
836 834 593155091
837 835 467200824
838 834 37443684
839 834 625848394
840 836 625848394
841 837 797824909
842 841 287681875
843 840 85325925
844 839 478039548
845 843 974877662
846 844 477592283
847 846 406747209
848 845 39652252
849 847 750066150
850 847 287681875
851 847 750066150
852 849 597098752
853 849 524081798
854 849 39652252
855 851 597098752
856 851 159396200
857 855 315195032
858 854 213883858
859 854 49010113
860 859 358889852
861 857 163470050
862 859 830044118
863 862 405692191
864 860 287681875
865 860 430103524
866 863 524081798
867 864 571557009
868 867 467200824
869 867 477592283
870 866 559005160
871 866 559005160
872 867 405692191
873 872 571557009
874 871 213945819
875 871 957431659
876 874 797824909
877 874 524081798
878 877 597098752
879 875 625848394
880 876 38708414
881 877 404911012
882 877 559005160
883 880 37443684
884 882 315195032
885 884 684089266
886 885 305242711
887 883 211421592
888 884 684089266
889 887 404120703
890 886 85325925
891 887 625848394
892 888 882598263
893 890 888389987
894 891 173928771
895 891 571557009
896 893 524081798
897 892 405692191
898 895 305242711
899 896 537758377
900 895 478039548
901 898 797824909
902 898 552392539
903 899 85325925
904 901 593155091
905 903 159396200
906 903 404120703
907 904 882598263
908 904 37443684
909 907 39652252
910 907 537758377
911 907 358889852
912 910 467200824
913 910 404911012
914 913 487893933
915 910 524081798
916 915 358889852
917 913 405692191
918 915 487893933
919 914 37443684
920 919 38708414
921 920 478039548
922 919 49010113
923 919 625848394
924 922 552392539
925 923 676867881
926 925 39652252
927 923 537758377
928 927 888389987
929 928 159396200
930 928 315195032
931 927 830044118
932 931 477592283
933 929 49010113
934 931 404911012
935 932 457295564
936 931 571557009
937 936 405692191
938 933 478039548
939 938 593155091
940 937 830044118
941 940 16395749
942 939 85325925
943 940 39652252
944 942 467200824
945 944 597098752
946 941 597098752
947 943 159396200
948 947 159396200
949 947 315195032
950 947 478039548
951 947 478039548
952 949 571557009
953 950 524081798
954 950 559005160
955 950 404120703
956 955 593155091
957 953 152343783
958 955 477592283
959 955 49010113
960 955 102797676
961 958 358889852
962 960 537758377
963 958 406747209
964 961 102797676
965 960 405692191
966 961 888389987
967 963 405692191
968 967 457295564
969 966 38708414
970 969 211421592
971 967 404911012
972 968 457295564
973 971 152343783
974 972 974877662
975 974 957431659
976 971 974877662
977 976 487893933
978 973 559005160
979 977 173928771
980 979 457295564
981 980 571557009
982 981 524081798
983 982 152343783
984 983 38708414
985 980 797824909
986 983 524081798
987 982 882598263
988 986 467200824
989 986 537758377
990 988 478039548
991 988 676867881
992 987 684089266