92 0
2
1 2
4
1 2
1 3
2 4
46
1 2
1 3
2 4
2 5
3 6
3 7
4 8
4 9
5 10
5 11
6 12
6 13
7 14
7 15
8 16
8 17
9 18
9 19
10 20
10 21
11 22
11 23
12 24
12 25
13 26
13 27
14 28
14 29
15 30
15 31
16 32
16 33
17 34
17 35
18 36
18 37
19 38
19 39
20 40
20 41
21 42
21 43
22 44
22 45
23 46
13
1 2
1 3
2 4
2 5
3 6
3 7
4 8
4 9
5 10
5 11
6 12
6 13
56
1 2
1 3
2 4
2 5
3 6
3 7
4 8
4 9
5 10
5 11
6 12
6 13
7 14
7 15
8 16
8 17
9 18
9 19
10 20
10 21
11 22
11 23
12 24
12 25
13 26
13 27
14 28
14 29
15 30
15 31
16 32
16 33
17 34
17 35
18 36
18 37
19 38
19 39
20 40
20 41
21 42
21 43
22 44
22 45
23 46
23 47
24 48
24 49
25 50
25 51
26 52
26 53
27 54
27 55
28 56
63
1 2
1 3
2 4
2 5
3 6
3 7
4 8
4 9
5 10
5 11
6 12
6 13
7 14
7 15
8 16
8 17
9 18
9 19
10 20
10 21
11 22
11 23
12 24
12 25
13 26
13 27
14 28
14 29
15 30
15 31
16 32
16 33
17 34
17 35
18 36
18 37
19 38
19 39
20 40
20 41
21 42
21 43
22 44
22 45
23 46
23 47
24 48
24 49
25 50
25 51
26 52
26 53
27 54
27 55
28 56
28 57
29 58
29 59
30 60
30 61
31 62
31 63
7
1 2
1 3
2 4
2 5
3 6
3 7
65
1 2
1 3
2 4
2 5
3 6
3 7
4 8
4 9
5 10
5 11
6 12
6 13
7 14
7 15
8 16
8 17
9 18
9 19
10 20
10 21
11 22
11 23
12 24
12 25
13 26
13 27
14 28
14 29
15 30
15 31
16 32
16 33
17 34
17 35
18 36
18 37
19 38
19 39
20 40
20 41
21 42
21 43
22 44
22 45
23 46
23 47
24 48
24 49
25 50
25 51
26 52
26 53
27 54
27 55
28 56
28 57
29 58
29 59
30 60
30 61
31 62
31 63
32 64
32 65
19
1 2
1 3
2 4
2 5
3 6
3 7
4 8
4 9
5 10
5 11
6 12
6 13
7 14
7 15
8 16
8 17
9 18
9 19
4
1 2
1 3
2 4
5
1 2
1 3
2 4
2 5
5
1 2
1 3
2 4
2 5
1
2
1 2
59
1 2
1 3
2 4
2 5
3 6
3 7
4 8
4 9
5 10
5 11
6 12
6 13
7 14
7 15
8 16
8 17
9 18
9 19
10 20
10 21
11 22
11 23
12 24
12 25
13 26
13 27
14 28
14 29
15 30
15 31
16 32
16 33
17 34
17 35
18 36
18 37
19 38
19 39
20 40
20 41
21 42
21 43
22 44
22 45
23 46
23 47
24 48
24 49
25 50
25 51
26 52
26 53
27 54
27 55
28 56
28 57
29 58
29 59
61
1 2
1 3
2 4
2 5
3 6
3 7
4 8
4 9
5 10
5 11
6 12
6 13
7 14
7 15
8 16
8 17
9 18
9 19
10 20
10 21
11 22
11 23
12 24
12 25
13 26
13 27
14 28
14 29
15 30
15 31
16 32
16 33
17 34
17 35
18 36
18 37
19 38
19 39
20 40
20 41
21 42
21 43
22 44
22 45
23 46
23 47
24 48
24 49
25 50
25 51
26 52
26 53
27 54
27 55
28 56
28 57
29 58
29 59
30 60
30 61
4
1 2
1 3
2 4
3
1 2
1 3
32
1 2
1 3
2 4
2 5
3 6
3 7
4 8
4 9
5 10
5 11
6 12
6 13
7 14
7 15
8 16
8 17
9 18
9 19
10 20
10 21
11 22
11 23
12 24
12 25
13 26
13 27
14 28
14 29
15 30
15 31
16 32
10
1 2
1 3
2 4
2 5
3 6
3 7
4 8
4 9
5 10
91
1 2
1 3
2 4
2 5
3 6
3 7
4 8
4 9
5 10
5 11
6 12
6 13
7 14
7 15
8 16
8 17
9 18
9 19
10 20
10 21
11 22
11 23
12 24
12 25
13 26
13 27
14 28
14 29
15 30
15 31
16 32
16 33
17 34
17 35
18 36
18 37
19 38
19 39
20 40
20 41
21 42
21 43
22 44
22 45
23 46
23 47
24 48
24 49
25 50
25 51
26 52
26 53
27 54
27 55
28 56
28 57
29 58
29 59
30 60
30 61
31 62
31 63
32 64
32 65
33 66
33 67
34 68
34 69
35 70
35 71
36 72
36 73
37 74
37 75
38 76
38 77
39 78
39 79
40 80
40 81
41 82
41 83
42 84
42 85
43 86
43 87
44 88
44 89
45 90
45 91
2
1 2
5
1 2
1 3
2 4
2 5
82
1 2
1 3
2 4
2 5
3 6
3 7
4 8
4 9
5 10
5 11
6 12
6 13
7 14
7 15
8 16
8 17
9 18
9 19
10 20
10 21
11 22
11 23
12 24
12 25
13 26
13 27
14 28
14 29
15 30
15 31
16 32
16 33
17 34
17 35
18 36
18 37
19 38
19 39
20 40
20 41
21 42
21 43
22 44
22 45
23 46
23 47
24 48
24 49
25 50
25 51
26 52
26 53
27 54
27 55
28 56
28 57
29 58
29 59
30 60
30 61
31 62
31 63
32 64
32 65
33 66
33 67
34 68
34 69
35 70
35 71
36 72
36 73
37 74
37 75
38 76
38 77
39 78
39 79
40 80
40 81
41 82
6
1 2
1 3
2 4
2 5
3 6
10
1 2
1 3
2 4
2 5
3 6
3 7
4 8
4 9
5 10
22
1 2
1 3
2 4
2 5
3 6
3 7
4 8
4 9
5 10
5 11
6 12
6 13
7 14
7 15
8 16
8 17
9 18
9 19
10 20
10 21
11 22
57
1 2
1 3
2 4
2 5
3 6
3 7
4 8
4 9
5 10
5 11
6 12
6 13
7 14
7 15
8 16
8 17
9 18
9 19
10 20
10 21
11 22
11 23
12 24
12 25
13 26
13 27
14 28
14 29
15 30
15 31
16 32
16 33
17 34
17 35
18 36
18 37
19 38
19 39
20 40
20 41
21 42
21 43
22 44
22 45
23 46
23 47
24 48
24 49
25 50
25 51
26 52
26 53
27 54
27 55
28 56
28 57
75
1 2
1 3
2 4
2 5
3 6
3 7
4 8
4 9
5 10
5 11
6 12
6 13
7 14
7 15
8 16
8 17
9 18
9 19
10 20
10 21
11 22
11 23
12 24
12 25
13 26
13 27
14 28
14 29
15 30
15 31
16 32
16 33
17 34
17 35
18 36
18 37
19 38
19 39
20 40
20 41
21 42
21 43
22 44
22 45
23 46
23 47
24 48
24 49
25 50
25 51
26 52
26 53
27 54
27 55
28 56
28 57
29 58
29 59
30 60
30 61
31 62
31 63
32 64
32 65
33 66
33 67
34 68
34 69
35 70
35 71
36 72
36 73
37 74
37 75
6
1 2
1 3
2 4
2 5
3 6
62
1 2
1 3
2 4
2 5
3 6
3 7
4 8
4 9
5 10
5 11
6 12
6 13
7 14
7 15
8 16
8 17
9 18
9 19
10 20
10 21
11 22
11 23
12 24
12 25
13 26
13 27
14 28
14 29
15 30
15 31
16 32
16 33
17 34
17 35
18 36
18 37
19 38
19 39
20 40
20 41
21 42
21 43
22 44
22 45
23 46
23 47
24 48
24 49
25 50
25 51
26 52
26 53
27 54
27 55
28 56
28 57
29 58
29 59
30 60
30 61
31 62
6
1 2
1 3
2 4
2 5
3 6
51
1 2
1 3
2 4
2 5
3 6
3 7
4 8
4 9
5 10
5 11
6 12
6 13
7 14
7 15
8 16
8 17
9 18
9 19
10 20
10 21
11 22
11 23
12 24
12 25
13 26
13 27
14 28
14 29
15 30
15 31
16 32
16 33
17 34
17 35
18 36
18 37
19 38
19 39
20 40
20 41
21 42
21 43
22 44
22 45
23 46
23 47
24 48
24 49
25 50
25 51
27
1 2
1 3
2 4
2 5
3 6
3 7
4 8
4 9
5 10
5 11
6 12
6 13
7 14
7 15
8 16
8 17
9 18
9 19
10 20
10 21
11 22
11 23
12 24
12 25
13 26
13 27
6
1 2
1 3
2 4
2 5
3 6
71
1 2
1 3
2 4
2 5
3 6
3 7
4 8
4 9
5 10
5 11
6 12
6 13
7 14
7 15
8 16
8 17
9 18
9 19
10 20
10 21
11 22
11 23
12 24
12 25
13 26
13 27
14 28
14 29
15 30
15 31
16 32
16 33
17 34
17 35
18 36
18 37
19 38
19 39
20 40
20 41
21 42
21 43
22 44
22 45
23 46
23 47
24 48
24 49
25 50
25 51
26 52
26 53
27 54
27 55
28 56
28 57
29 58
29 59
30 60
30 61
31 62
31 63
32 64
32 65
33 66
33 67
34 68
34 69
35 70
35 71
13
1 2
1 3
2 4
2 5
3 6
3 7
4 8
4 9
5 10
5 11
6 12
6 13
85
1 2
1 3
2 4
2 5
3 6
3 7
4 8
4 9
5 10
5 11
6 12
6 13
7 14
7 15
8 16
8 17
9 18
9 19
10 20
10 21
11 22
11 23
12 24
12 25
13 26
13 27
14 28
14 29
15 30
15 31
16 32
16 33
17 34
17 35
18 36
18 37
19 38
19 39
20 40
20 41
21 42
21 43
22 44
22 45
23 46
23 47
24 48
24 49
25 50
25 51
26 52
26 53
27 54
27 55
28 56
28 57
29 58
29 59
30 60
30 61
31 62
31 63
32 64
32 65
33 66
33 67
34 68
34 69
35 70
35 71
36 72
36 73
37 74
37 75
38 76
38 77
39 78
39 79
40 80
40 81
41 82
41 83
42 84
42 85
62
1 2
1 3
2 4
2 5
3 6
3 7
4 8
4 9
5 10
5 11
6 12
6 13
7 14
7 15
8 16
8 17
9 18
9 19
10 20
10 21
11 22
11 23
12 24
12 25
13 26
13 27
14 28
14 29
15 30
15 31
16 32
16 33
17 34
17 35
18 36
18 37
19 38
19 39
20 40
20 41
21 42
21 43
22 44
22 45
23 46
23 47
24 48
24 49
25 50
25 51
26 52
26 53
27 54
27 55
28 56
28 57
29 58
29 59
30 60
30 61
31 62
100
1 2
1 3
2 4
2 5
3 6
3 7
4 8
4 9
5 10
5 11
6 12
6 13
7 14
7 15
8 16
8 17
9 18
9 19
10 20
10 21
11 22
11 23
12 24
12 25
13 26
13 27
14 28
14 29
15 30
15 31
16 32
16 33
17 34
17 35
18 36
18 37
19 38
19 39
20 40
20 41
21 42
21 43
22 44
22 45
23 46
23 47
24 48
24 49
25 50
25 51
26 52
26 53
27 54
27 55
28 56
28 57
29 58
29 59
30 60
30 61
31 62
31 63
32 64
32 65
33 66
33 67
34 68
34 69
35 70
35 71
36 72
36 73
37 74
37 75
38 76
38 77
39 78
39 79
40 80
40 81
41 82
41 83
42 84
42 85
43 86
43 87
44 88
44 89
45 90
45 91
46 92
46 93
47 94
47 95
48 96
48 97
49 98
49 99
50 100
10
1 2
1 3
2 4
2 5
3 6
3 7
4 8
4 9
5 10
91
1 2
1 3
2 4
2 5
3 6
3 7
4 8
4 9
5 10
5 11
6 12
6 13
7 14
7 15
8 16
8 17
9 18
9 19
10 20
10 21
11 22
11 23
12 24
12 25
13 26
13 27
14 28
14 29
15 30
15 31
16 32
16 33
17 34
17 35
18 36
18 37
19 38
19 39
20 40
20 41
21 42
21 43
22 44
22 45
23 46
23 47
24 48
24 49
25 50
25 51
26 52
26 53
27 54
27 55
28 56
28 57
29 58
29 59
30 60
30 61
31 62
31 63
32 64
32 65
33 66
33 67
34 68
34 69
35 70
35 71
36 72
36 73
37 74
37 75
38 76
38 77
39 78
39 79
40 80
40 81
41 82
41 83
42 84
42 85
43 86
43 87
44 88
44 89
45 90
45 91
45
1 2
1 3
2 4
2 5
3 6
3 7
4 8
4 9
5 10
5 11
6 12
6 13
7 14
7 15
8 16
8 17
9 18
9 19
10 20
10 21
11 22
11 23
12 24
12 25
13 26
13 27
14 28
14 29
15 30
15 31
16 32
16 33
17 34
17 35
18 36
18 37
19 38
19 39
20 40
20 41
21 42
21 43
22 44
22 45
71
1 2
1 3
2 4
2 5
3 6
3 7
4 8
4 9
5 10
5 11
6 12
6 13
7 14
7 15
8 16
8 17
9 18
9 19
10 20
10 21
11 22
11 23
12 24
12 25
13 26
13 27
14 28
14 29
15 30
15 31
16 32
16 33
17 34
17 35
18 36
18 37
19 38
19 39
20 40
20 41
21 42
21 43
22 44
22 45
23 46
23 47
24 48
24 49
25 50
25 51
26 52
26 53
27 54
27 55
28 56
28 57
29 58
29 59
30 60
30 61
31 62
31 63
32 64
32 65
33 66
33 67
34 68
34 69
35 70
35 71
6
1 2
1 3
2 4
2 5
3 6
3
1 2
1 3
8
1 2
1 3
2 4
2 5
3 6
3 7
4 8
4
1 2
1 3
2 4
2
1 2
87
1 2
1 3
2 4
2 5
3 6
3 7
4 8
4 9
5 10
5 11
6 12
6 13
7 14
7 15
8 16
8 17
9 18
9 19
10 20
10 21
11 22
11 23
12 24
12 25
13 26
13 27
14 28
14 29
15 30
15 31
16 32
16 33
17 34
17 35
18 36
18 37
19 38
19 39
20 40
20 41
21 42
21 43
22 44
22 45
23 46
23 47
24 48
24 49
25 50
25 51
26 52
26 53
27 54
27 55
28 56
28 57
29 58
29 59
30 60
30 61
31 62
31 63
32 64
32 65
33 66
33 67
34 68
34 69
35 70
35 71
36 72
36 73
37 74
37 75
38 76
38 77
39 78
39 79
40 80
40 81
41 82
41 83
42 84
42 85
43 86
43 87
9
1 2
1 3
2 4
2 5
3 6
3 7
4 8
4 9
64
1 2
1 3
2 4
2 5
3 6
3 7
4 8
4 9
5 10
5 11
6 12
6 13
7 14
7 15
8 16
8 17
9 18
9 19
10 20
10 21
11 22
11 23
12 24
12 25
13 26
13 27
14 28
14 29
15 30
15 31
16 32
16 33
17 34
17 35
18 36
18 37
19 38
19 39
20 40
20 41
21 42
21 43
22 44
22 45
23 46
23 47
24 48
24 49
25 50
25 51
26 52
26 53
27 54
27 55
28 56
28 57
29 58
29 59
30 60
30 61
31 62
31 63
32 64
84
1 2
1 3
2 4
2 5
3 6
3 7
4 8
4 9
5 10
5 11
6 12
6 13
7 14
7 15
8 16
8 17
9 18
9 19
10 20
10 21
11 22
11 23
12 24
12 25
13 26
13 27
14 28
14 29
15 30
15 31
16 32
16 33
17 34
17 35
18 36
18 37
19 38
19 39
20 40
20 41
21 42
21 43
22 44
22 45
23 46
23 47
24 48
24 49
25 50
25 51
26 52
26 53
27 54
27 55
28 56
28 57
29 58
29 59
30 60
30 61
31 62
31 63
32 64
32 65
33 66
33 67
34 68
34 69
35 70
35 71
36 72
36 73
37 74
37 75
38 76
38 77
39 78
39 79
40 80
40 81
41 82
41 83
42 84
9
1 2
1 3
2 4
2 5
3 6
3 7
4 8
4 9
8
1 2
1 3
2 4
2 5
3 6
3 7
4 8
8
1 2
1 3
2 4
2 5
3 6
3 7
4 8
45
1 2
1 3
2 4
2 5
3 6
3 7
4 8
4 9
5 10
5 11
6 12
6 13
7 14
7 15
8 16
8 17
9 18
9 19
10 20
10 21
11 22
11 23
12 24
12 25
13 26
13 27
14 28
14 29
15 30
15 31
16 32
16 33
17 34
17 35
18 36
18 37
19 38
19 39
20 40
20 41
21 42
21 43
22 44
22 45
74
1 2
1 3
2 4
2 5
3 6
3 7
4 8
4 9
5 10
5 11
6 12
6 13
7 14
7 15
8 16
8 17
9 18
9 19
10 20
10 21
11 22
11 23
12 24
12 25
13 26
13 27
14 28
14 29
15 30
15 31
16 32
16 33
17 34
17 35
18 36
18 37
19 38
19 39
20 40
20 41
21 42
21 43
22 44
22 45
23 46
23 47
24 48
24 49
25 50
25 51
26 52
26 53
27 54
27 55
28 56
28 57
29 58
29 59
30 60
30 61
31 62
31 63
32 64
32 65
33 66
33 67
34 68
34 69
35 70
35 71
36 72
36 73
37 74
84
1 2
1 3
2 4
2 5
3 6
3 7
4 8
4 9
5 10
5 11
6 12
6 13
7 14
7 15
8 16
8 17
9 18
9 19
10 20
10 21
11 22
11 23
12 24
12 25
13 26
13 27
14 28
14 29
15 30
15 31
16 32
16 33
17 34
17 35
18 36
18 37
19 38
19 39
20 40
20 41
21 42
21 43
22 44
22 45
23 46
23 47
24 48
24 49
25 50
25 51
26 52
26 53
27 54
27 55
28 56
28 57
29 58
29 59
30 60
30 61
31 62
31 63
32 64
32 65
33 66
33 67
34 68
34 69
35 70
35 71
36 72
36 73
37 74
37 75
38 76
38 77
39 78
39 79
40 80
40 81
41 82
41 83
42 84
61
1 2
1 3
2 4
2 5
3 6
3 7
4 8
4 9
5 10
5 11
6 12
6 13
7 14
7 15
8 16
8 17
9 18
9 19
10 20
10 21
11 22
11 23
12 24
12 25
13 26
13 27
14 28
14 29
15 30
15 31
16 32
16 33
17 34
17 35
18 36
18 37
19 38
19 39
20 40
20 41
21 42
21 43
22 44
22 45
23 46
23 47
24 48
24 49
25 50
25 51
26 52
26 53
27 54
27 55
28 56
28 57
29 58
29 59
30 60
30 61
6
1 2
1 3
2 4
2 5
3 6
6
1 2
1 3
2 4
2 5
3 6
18
1 2
1 3
2 4
2 5
3 6
3 7
4 8
4 9
5 10
5 11
6 12
6 13
7 14
7 15
8 16
8 17
9 18
1
2
1 2
51
1 2
1 3
2 4
2 5
3 6
3 7
4 8
4 9
5 10
5 11
6 12
6 13
7 14
7 15
8 16
8 17
9 18
9 19
10 20
10 21
11 22
11 23
12 24
12 25
13 26
13 27
14 28
14 29
15 30
15 31
16 32
16 33
17 34
17 35
18 36
18 37
19 38
19 39
20 40
20 41
21 42
21 43
22 44
22 45
23 46
23 47
24 48
24 49
25 50
25 51
19
1 2
1 3
2 4
2 5
3 6
3 7
4 8
4 9
5 10
5 11
6 12
6 13
7 14
7 15
8 16
8 17
9 18
9 19
5
1 2
1 3
2 4
2 5
24
1 2
1 3
2 4
2 5
3 6
3 7
4 8
4 9
5 10
5 11
6 12
6 13
7 14
7 15
8 16
8 17
9 18
9 19
10 20
10 21
11 22
11 23
12 24
9
1 2
1 3
2 4
2 5
3 6
3 7
4 8
4 9
2
1 2
5
1 2
1 3
2 4
2 5
1
3
1 2
1 3
10
1 2
1 3
2 4
2 5
3 6
3 7
4 8
4 9
5 10
1
1
6
1 2
1 3
2 4
2 5
3 6
2
1 2
1
6
1 2
1 3
2 4
2 5
3 6
2
1 2
2
1 2
4
1 2
1 3
2 4
1
2
1 2
1
1
3
1 2
1 3
1
1
1
