168 2
3 2 2 2 2
2 3
1 2
97 67 76 48 37
5 27
38 39
14 26
67 73
90 38
78 46
35 19
31 36
67 28
45 25
37 22
60 96
96 63
69 77
44 89
48 74
13 5
43 12
72 37
45 3
12 7
34 59
36 85
74 23
78 8
11 61
78 71
2 92
76 16
6 29
26 33
58 24
91 75
62 66
14 95
37 11
31 10
96 49
67 18
31 70
96 93
85 42
60 41
88 54
6 76
44 53
45 88
71 84
34 60
34 65
48 94
27 43
34 86
78 31
28 55
38 69
81 79
73 58
60 2
8 50
18 82
76 40
10 1
2 17
65 44
67 80
29 21
5 32
62 15
76 56
37 81
36 35
31 91
34 62
53 87
34 90
38 47
1 83
86 52
53 4
60 6
31 34
37 68
5 48
49 20
40 64
2 67
96 72
79 30
14 51
63 97
62 57
13 14
13 45
70 9
36 13
1 1 1 1 1
3 3 3 3 3
3 2
3 1
2 1 1 1 1
2 1
43 4 11 41 41
41 27
37 25
41 35
11 31
43 39
43 15
37 4
17 9
28 7
25 12
4 17
6 37
4 34
41 30
11 21
6 1
32 41
32 26
32 16
11 23
10 22
37 36
35 14
32 11
31 40
28 33
4 5
41 29
28 38
11 3
26 8
4 20
29 13
33 18
10 6
43 10
8 24
26 43
10 42
41 2
6 19
36 28
86 56 68 38 71
57 83
36 29
13 26
13 24
83 30
58 6
9 27
68 50
58 51
80 75
58 36
35 39
64 2
6 45
23 48
13 7
66 5
47 14
43 76
23 71
71 55
76 54
32 37
45 85
6 81
40 65
66 18
78 80
6 86
38 74
86 12
44 8
47 21
47 68
47 63
26 32
69 15
86 28
64 23
17 82
43 38
9 60
54 67
56 3
82 73
38 49
56 31
47 44
17 52
66 40
58 33
58 34
66 11
66 22
7 4
68 77
13 56
76 10
15 17
47 35
78 19
68 25
58 84
23 69
51 20
8 79
13 53
12 42
5 62
46 16
76 58
7 57
33 46
23 59
40 47
35 1
63 72
6 66
8 41
33 13
71 70
11 78
20 61
58 64
81 9
55 1 32 40 54
11 36
40 37
25 55
40 47
1 29
9 54
39 43
25 16
36 33
55 9
16 50
34 13
54 49
43 38
8 45
28 24
55 6
32 28
48 40
27 35
27 14
47 46
32 42
32 11
16 8
4 20
25 23
41 27
41 44
48 30
8 5
32 17
4 32
41 4
16 51
5 39
21 22
21 15
54 34
45 19
33 2
9 7
1 26
25 41
23 53
4 18
7 3
27 1
27 10
10 31
6 52
25 21
51 48
31 12
31 28 13 9 20
7 30
20 18
28 13
7 9
19 5
28 15
1 29
20 3
13 19
20 6
7 20
5 24
28 10
6 4
9 21
7 14
9 2
21 25
13 22
4 27
7 31
28 16
25 28
8 11
13 17
20 12
29 26
20 1
13 23
20 8
7 1 1 5 5
5 2
1 3
5 7
1 5
2 4
1 6
4 3 3 3 3
3 1
3 2
4 3
1 1 1 1 1
1 1 1 1 1
7 5 5 1 1
6 2
1 4
5 1
1 7
5 3
5 6
2 2 2 2 2
1 2
2 2 2 2 2
1 2
4 2 2 1 1
2 4
1 3
2 1
6 5 5 3 3
3 5
5 4
3 6
3 1
5 2
5 5 5 3 3
3 4
1 3
5 2
5 1
1 1 1 1 1
9 2 3 6 6
3 4
1 9
3 2
6 1
6 7
3 6
2 8
2 5
1 1 1 1 1
10 1 5 9 9
1 8
1 5
5 3
5 2
9 1
1 4
9 10
5 7
3 6
8 2 2 6 6
8 6
2 7
2 4
7 8
2 5
4 1
6 3
75 10 74 26 28
8 15
55 40
26 57
63 35
66 75
54 25
12 32
25 28
26 60
27 2
10 9
27 18
63 46
16 4
25 30
45 52
73 45
22 70
22 58
75 6
51 21
10 50
46 24
26 5
16 63
73 20
66 74
17 11
46 22
45 62
63 54
28 55
54 56
36 64
22 26
65 14
51 19
36 3
28 72
2 10
74 33
34 29
74 8
28 53
16 1
73 23
14 12
28 59
22 37
65 73
54 49
16 27
56 48
74 68
36 66
36 65
59 47
2 31
49 7
66 17
16 51
46 43
75 61
32 67
70 13
14 38
65 16
37 42
50 34
24 39
33 44
19 41
45 71
66 69
3 1 1 1 1
2 1
1 3
3 2 2 2 2
3 2
2 1
3 1 1 1 1
1 3
1 2
1 1 1 1 1
13 11 13 6 6
8 6
11 5
2 8
3 9
11 10
2 11
13 3
13 12
6 7
11 13
12 1
6 4
9 7 8 5 5
5 1
8 6
8 7
7 3
5 2
8 9
3 5
7 4
93 5 86 76 2
28 12
60 87
57 35
89 91
81 47
8 34
93 88
23 15
41 48
76 6
31 64
76 59
14 93
53 46
89 72
68 31
3 36
29 56
1 41
18 16
73 42
28 68
76 37
30 67
3 40
74 23
3 14
19 49
11 21
93 11
2 75
28 43
50 4
74 28
58 57
88 53
41 73
5 22
93 83
87 27
68 71
85 20
88 33
23 32
42 51
29 63
54 2
29 76
55 54
62 44
29 39
76 9
86 13
43 85
88 19
2 7
53 55
28 77
74 30
49 38
92 17
49 81
29 58
5 25
92 26
23 60
77 18
41 70
67 66
30 79
86 69
20 82
56 45
30 52
77 5
76 84
76 50
14 61
32 89
28 78
14 80
53 24
28 92
57 90
23 29
18 62
43 10
5 65
30 86
3 74
46 8
88 1
1 1 1 1 1
10 5 5 8 8
5 8
8 9
5 6
1 3
8 1
8 7
7 4
5 10
5 2
1 1 1 1 1
4 1 1 4 4
1 3
4 2
1 4
6 5 5 5 5
5 4
1 5
4 2
5 3
5 6
1 1 1 1 1
15 3 3 11 10
10 8
10 2
10 3
2 6
7 15
11 7
2 4
10 1
11 12
3 9
12 14
2 11
11 13
1 5
2 2 2 2 2
1 2
3 2 2 2 2
1 2
2 3
17 11 16 7 7
10 8
16 4
12 13
16 5
1 15
8 9
10 16
11 6
7 2
15 7
4 3
1 11
11 14
10 17
1 10
11 12
5 2 2 5 5
4 2
5 4
2 1
3 5
9 5 5 6 5
6 1
7 6
6 2
7 4
5 3
3 8
5 7
9 5
13 2 3 7 7
13 12
7 8
5 6
3 10
10 5
3 13
4 7
7 11
2 4
2 9
1 3
2 1
7 1 1 4 4
4 6
4 1
1 5
1 7
4 2
4 3
4 3 3 3 3
3 2
3 1
4 3
43 5 29 36 3
19 35
10 37
14 2
41 34
20 6
29 7
15 12
5 23
35 21
29 38
31 41
36 24
29 22
14 1
29 26
5 30
20 36
34 40
41 20
10 3
14 29
43 4
20 42
14 5
31 25
3 39
31 13
20 14
36 18
9 31
32 27
27 33
31 10
3 15
6 28
29 43
41 11
24 17
23 8
3 32
29 19
22 16
32 12 5 22 7
16 1
18 22
18 16
11 12
19 14
31 30
19 26
9 23
20 32
28 20
18 8
7 24
18 28
18 19
29 15
5 6
19 11
16 9
19 29
12 4
22 13
7 27
5 31
18 17
13 7
21 2
22 25
12 21
16 5
12 3
2 10
3 2 2 2 2
2 1
2 3
27 1 5 12 20
24 5
6 9
12 16
6 15
2 11
12 6
26 3
18 27
10 1
1 7
1 2
11 23
1 13
1 18
24 10
12 24
9 25
6 20
24 14
24 26
10 19
5 8
20 17
20 22
24 21
5 4
1 1 1 1 1
69 6 57 21 7
56 3
6 5
36 68
21 17
54 28
55 57
17 24
36 58
36 54
54 31
64 34
34 36
56 21
56 30
54 38
36 46
42 23
57 16
40 47
21 65
49 59
46 50
36 56
63 26
69 12
48 18
51 67
21 69
54 55
56 13
7 35
25 49
58 63
56 25
34 42
7 62
64 61
34 19
29 15
36 32
45 22
67 60
34 2
34 10
23 39
55 40
62 53
6 43
27 51
19 45
21 20
58 41
34 37
63 8
6 9
31 4
59 52
3 11
31 6
57 27
42 7
6 1
48 66
25 14
34 29
68 48
13 44
53 33
2 1 1 1 1
2 1
2 1 1 1 1
2 1
4 4 4 4 4
4 2
4 3
4 1
6 1 1 6 6
6 3
6 5
1 6
1 2
1 4
11 3 9 4 4
6 3
9 5
6 9
4 11
6 1
1 7
4 6
3 2
9 10
3 8
4 4 4 1 1
1 4
1 2
4 3
37 9 19 14 26
14 18
4 3
9 22
19 1
24 11
33 17
24 27
35 6
37 7
4 34
15 13
4 21
33 36
30 9
1 31
4 5
14 15
21 26
4 19
17 14
11 2
17 8
21 28
4 20
35 12
9 16
26 29
35 23
23 10
26 25
4 24
4 35
19 37
21 32
4 30
35 33
2 2 2 2 2
1 2
10 4 4 5 5
4 3
5 10
4 2
4 9
4 6
4 8
3 7
4 1
7 5
44 3 11 10 31
29 35
37 32
31 37
36 44
5 27
36 38
44 43
44 40
7 16
29 10
16 17
44 22
36 4
2 8
18 41
42 34
10 20
36 6
25 23
44 3
24 31
21 28
3 14
3 21
22 25
33 39
31 15
40 24
11 2
10 19
36 29
44 18
19 12
18 9
23 1
29 13
43 26
40 33
11 7
3 42
44 11
28 30
40 5
5 5 5 5 5
5 1
5 4
1 3
2 5
3 3 3 3 3
3 1
3 2
1 1 1 1 1
37 26 21 33 14
6 10
26 25
8 11
32 18
33 2
2 17
21 23
32 31
18 16
13 27
18 6
21 1
33 22
32 12
1 29
14 15
34 13
32 34
35 30
26 28
34 35
26 36
35 20
13 24
31 5
7 21
36 4
31 33
33 8
35 37
18 26
18 7
14 9
21 19
19 3
35 14
1 1 1 1 1
7 7 5 6 6
5 3
5 7
6 5
6 4
7 1
7 2
7 3 3 5 5
3 6
6 7
3 2
3 4
3 5
5 1
6 5 5 6 6
2 4
6 5
6 3
5 1
6 2
47 20 42 1 43
35 38
13 9
45 20
13 42
47 13
4 43
32 25
19 6
22 17
5 16
13 31
20 5
42 39
36 2
25 34
33 46
45 11
25 40
18 12
15 35
1 3
43 24
42 8
6 26
12 19
43 44
13 45
20 14
14 29
29 22
12 10
47 4
12 33
18 7
41 37
13 32
42 23
45 36
1 30
12 1
33 28
8 21
47 18
45 41
46 27
20 15
3 2 2 2 2
2 1
2 3
1 1 1 1 1
4 4 4 1 1
1 3
4 2
4 1
6 5 5 5 5
6 2
2 5
5 4
5 3
4 1
5 5 5 4 4
4 1
1 5
4 3
5 2
63 38 20 54 6
39 59
6 10
3 40
24 55
3 26
3 39
7 58
47 42
56 23
24 47
54 52
22 32
7 49
35 54
37 60
11 8
20 2
57 12
7 44
60 34
35 18
46 19
6 33
39 7
59 36
22 37
7 48
48 62
8 56
22 9
20 41
19 27
3 11
7 6
43 51
38 16
21 53
7 46
39 30
57 28
56 63
53 25
4 22
3 15
40 45
59 29
15 50
23 31
3 20
38 1
22 21
30 24
54 17
35 57
8 13
34 43
49 61
55 5
1 14
9 38
30 35
8 4
54 45 16 8 11
49 20
49 38
42 47
10 13
32 33
50 12
21 43
19 15
46 37
3 34
40 2
50 16
28 8
11 41
17 6
46 22
46 51
45 27
23 46
9 49
35 50
23 11
16 17
20 45
20 7
8 48
29 35
38 4
46 29
49 18
8 1
35 42
46 19
28 54
50 52
19 26
26 21
39 36
45 30
49 31
37 28
4 10
19 9
38 3
28 25
16 39
41 14
11 24
23 32
14 40
38 44
42 53
16 5
4 3 3 4 4
4 1
3 2
4 3
3 1 1 1 1
3 1
1 2
2 1 1 1 1
2 1
80 42 55 80 54
80 6
3 34
5 55
51 3
77 20
57 64
42 67
53 66
29 51
74 72
42 74
22 11
66 13
19 25
43 42
35 40
16 54
58 78
56 44
55 56
64 10
80 79
53 29
51 17
51 50
16 71
70 4
15 39
50 61
47 16
5 69
20 32
41 37
33 9
38 65
49 15
22 68
77 53
26 31
63 70
43 12
9 30
5 8
4 24
27 58
42 19
47 75
77 41
22 38
52 35
22 1
54 49
65 63
64 48
54 27
47 33
5 62
52 23
22 14
25 18
54 36
33 22
50 2
5 45
70 60
22 80
3 7
53 5
37 73
16 57
75 21
51 43
47 52
41 47
55 46
55 76
53 26
41 28
14 59
3 2 2 2 2
1 2
2 3
4 2 2 2 2
4 2
2 1
3 4
6 4 4 3 3
4 6
1 5
5 4
3 2
3 1
31 19 2 6 25
4 2
6 10
19 15
3 25
27 17
26 14
9 23
4 27
4 12
2 20
5 31
2 24
25 16
4 19
27 22
19 5
3 9
2 26
4 30
3 6
25 29
2 7
6 21
1 13
21 28
30 8
3 11
3 1
3 4
4 18
9 9 9 7 7
2 9
3 8
7 3
5 7
8 4
7 2
9 6
5 1
1 1 1 1 1
1 1 1 1 1
22 7 7 16 5
4 7
12 5
16 13
2 15
8 10
5 22
5 18
1 9
5 14
7 11
12 16
5 3
16 4
22 2
5 1
10 19
20 6
12 8
5 20
7 21
5 17
15 4 4 6 9
9 5
10 8
12 9
12 2
6 10
6 15
6 1
12 6
2 4
12 7
9 13
4 3
7 14
9 11
7 4 4 6 6
6 7
3 6
4 3
5 4
4 1
4 2
2 2 2 2 2
1 2
5 5 5 5 5
2 5
5 4
1 3
5 1
12 3 4 5 5
3 2
12 3
1 5
12 7
4 12
4 10
5 11
2 8
8 1
4 6
3 9
1 1 1 1 1
2 1 1 1 1
2 1
2 1 1 1 1
2 1
4 2 2 4 4
4 3
2 1
2 4
4 4 4 4 4
4 2
4 1
4 3
2 2 2 2 2
1 2
1 1 1 1 1
29 13 14 12 12
19 22
12 20
22 10
16 13
16 8
14 24
18 9
27 7
2 14
12 19
8 18
5 2
5 25
14 27
13 29
16 12
5 3
9 15
16 1
28 6
16 26
13 11
16 5
11 28
13 21
14 4
5 23
5 17
10 10 10 7 7
7 6
9 1
2 10
3 2
10 4
7 9
7 8
3 7
8 5
7 2 2 4 4
4 1
2 3
5 2
7 5
7 4
2 6
30 16 8 11 23
1 13
6 26
30 10
24 25
2 15
30 11
4 19
15 16
2 8
8 29
8 22
30 12
29 18
4 20
16 3
22 7
9 27
4 23
11 5
15 6
23 1
23 28
19 30
26 14
19 2
11 21
16 9
26 24
12 17
23 20 3 21 8
3 9
19 18
23 3
21 15
21 12
2 13
14 4
20 14
3 20
2 6
8 2
23 8
8 11
2 7
10 22
7 10
2 16
20 19
8 1
9 5
16 21
3 17
4 3 3 3 3
3 1
3 2
3 4
3 1 1 1 1
1 2
1 3
27 12 7 20 22
12 4
3 16
27 2
20 25
27 3
7 14
18 10
21 27
18 22
5 18
11 7
27 8
7 1
24 23
15 26
21 17
5 21
12 13
22 19
18 20
17 12
22 24
2 11
2 15
1 6
20 9
10 3 3 4 4
3 9
3 8
4 7
4 10
5 4
8 6
1 5
1 3
3 2
3 2 2 2 2
2 3
1 2
5 1 1 2 2
5 2
1 4
5 1
2 3
25 17 18 14 2
17 19
13 14
20 6
10 20
17 23
19 21
14 11
13 2
23 18
23 24
4 16
2 9
12 25
24 10
17 1
14 8
18 5
18 22
21 15
2 12
18 3
17 13
22 7
3 4
6 6 6 2 2
6 3
6 4
2 5
2 6
6 1
8 7 7 3 3
1 2
7 4
7 1
7 6
2 3
7 5
3 8
3 2 2 2 2
1 2
2 3
1 1 1 1 1
41 30 17 8 27
18 31
39 18
32 30
5 14
5 39
30 34
13 27
17 16
27 41
8 19
17 40
26 33
33 3
28 2
13 22
17 23
8 5
18 38
30 20
12 6
29 36
29 25
18 13
39 7
12 28
18 26
27 4
12 17
16 10
29 24
8 15
35 21
32 9
14 1
36 35
29 12
8 29
8 37
29 32
25 11
50 22 35 19 12
28 6
37 19
20 24
40 7
31 44
19 45
4 16
28 25
35 9
38 15
21 50
22 42
43 36
37 21
40 35
27 39
3 2
28 13
50 27
22 17
13 20
33 22
22 46
45 18
49 28
19 23
33 8
20 4
12 10
22 48
38 37
17 32
9 29
12 30
35 47
41 38
21 40
35 14
5 11
28 1
25 12
41 5
38 3
49 41
15 43
21 33
41 26
26 34
5 31
5 4 4 4 4
4 3
1 4
4 5
2 1
49 20 4 22 45
2 20
42 47
35 7
22 32
2 28
35 22
2 5
43 3
22 21
6 40
8 17
4 24
48 37
2 19
3 18
33 34
42 44
25 49
36 13
4 10
28 41
21 27
19 42
19 16
16 8
6 15
22 1
49 30
28 35
22 43
45 14
42 4
46 6
11 45
28 48
24 23
38 36
17 46
45 33
20 38
48 9
49 12
37 11
20 31
2 25
19 39
20 26
18 29
3 1 1 1 1
1 2
1 3
16 3 3 1 2
2 6
16 3
3 15
2 4
1 11
3 9
7 16
13 14
7 1
15 12
7 2
1 8
7 5
1 10
4 13
6 1 1 2 2
2 6
1 5
3 1
3 2
2 4
5 2 2 2 2
2 5
3 4
1 2
2 3
1 1 1 1 1
10 7 7 4 1
1 4
8 5
4 8
1 6
7 10
4 2
1 7
1 9
4 3
5 4 4 5 5
1 5
4 1
5 3
4 2
83 25 48 6 79
72 48
13 18
14 23
13 25
48 4
45 78
65 26
25 57
71 53
56 10
61 65
67 7
26 52
74 62
6 38
30 15
74 56
45 77
48 51
67 58
61 71
49 31
29 24
79 20
33 43
6 39
7 69
2 68
2 14
73 74
50 9
32 11
57 36
54 47
13 55
64 3
40 13
80 22
65 33
32 35
29 46
61 73
53 12
61 54
62 64
6 19
58 70
37 5
61 6
71 67
32 49
15 60
73 42
31 72
12 21
50 8
13 50
40 1
32 16
34 28
44 59
25 17
26 32
33 45
58 80
71 41
25 63
31 76
6 44
6 27
79 37
49 2
22 81
16 66
65 29
58 79
30 40
47 83
12 75
67 34
54 82
77 30
32 26 20 24 30
32 15
19 26
24 25
24 10
14 27
19 24
20 18
32 9
20 21
15 31
28 17
6 5
26 11
25 7
26 13
20 3
32 30
30 2
4 16
30 6
20 12
26 29
20 19
26 23
20 1
19 4
26 8
2 22
19 32
24 28
21 14
2 2 2 2 2
1 2
1 1 1 1 1
2 2 2 2 2
1 2
2 1 1 1 1
2 1
97 96 45 78 59
68 89
96 9
59 7
24 21
61 95
28 36
37 76
33 3
35 90
12 48
84 5
45 58
80 24
50 49
80 12
37 83
1 77
80 56
93 79
79 65
59 8
43 72
21 53
16 6
68 31
96 22
68 97
61 88
2 70
14 19
86 11
68 55
86 69
17 57
59 52
91 40
48 50
80 35
96 10
28 27
24 45
3 73
65 13
35 17
88 14
17 51
31 54
94 71
61 80
51 62
60 25
24 81
90 32
21 92
40 38
55 16
17 96
55 91
15 87
16 59
68 39
24 43
94 78
37 60
52 41
12 28
40 30
82 23
37 85
61 86
55 74
17 42
78 82
59 75
60 44
28 29
63 47
61 64
76 63
45 66
69 93
93 1
26 20
37 68
45 46
37 61
54 67
55 18
92 4
78 15
45 84
2 34
43 2
89 26
51 33
88 94
2 1 1 1 1
2 1
98 98 54 9 35
16 29
18 36
3 54
98 72
63 10
66 18
41 1
92 22
46 82
11 21
9 71
6 9
24 33
36 62
8 96
43 65
38 90
9 44
74 23
54 86
64 58
66 81
62 48
46 37
3 64
7 14
74 25
45 51
11 84
46 8
11 76
89 75
98 68
11 78
35 42
92 39
11 41
40 30
92 17
69 89
54 93
25 50
69 13
8 26
63 56
35 12
78 98
37 73
9 15
57 2
24 35
8 27
21 60
7 46
86 61
78 3
65 52
11 40
46 32
70 49
32 6
69 55
4 80
21 24
21 67
35 94
98 91
24 28
13 53
59 5
98 70
20 38
41 47
18 77
24 74
33 19
11 7
55 83
51 85
20 4
32 16
95 45
11 69
8 95
46 43
46 34
40 63
82 59
46 20
58 88
46 92
64 31
9 97
83 87
35 79
7 66
60 57
85 17 56 74 19
14 64
49 83
19 53
72 4
14 17
16 55
74 21
84 54
17 37
37 50
14 47
72 71
72 34
84 43
24 40
17 29
11 8
30 45
20 79
72 28
46 75
65 57
43 39
62 85
17 5
68 58
57 32
6 20
52 74
12 10
9 12
56 25
24 14
55 42
50 82
62 30
24 16
19 78
18 77
66 68
57 51
42 61
16 72
24 65
12 67
72 76
49 38
15 36
47 41
42 1
56 35
74 59
72 80
71 73
17 70
72 84
80 48
20 13
18 52
73 66
83 27
42 33
65 56
42 31
15 60
80 49
10 2
19 69
24 7
11 44
4 62
84 19
65 46
40 63
71 11
24 6
1 22
30 81
14 3
33 18
24 15
16 23
72 9
10 26
1 1 1 1 1
3 2 2 2 2
1 2
2 3
86 46 58 78 44
48 58
31 75
9 62
60 40
65 55
65 68
24 32
27 24
47 10
18 12
48 16
67 59
42 79
51 15
17 57
15 34
76 70
44 8
2 85
65 47
48 11
41 69
49 26
44 9
51 42
78 21
29 37
34 27
79 36
31 71
36 61
29 74
51 83
65 6
47 39
76 1
86 66
67 60
39 48
68 30
6 51
6 73
58 17
51 63
23 82
39 3
65 31
52 77
53 38
76 78
65 14
49 64
51 7
65 86
32 33
6 80
65 22
34 81
37 44
31 25
79 19
42 20
4 72
15 50
86 76
71 29
47 28
11 41
86 18
23 52
31 35
25 53
58 5
16 23
25 4
19 46
78 54
10 43
46 56
46 45
49 84
68 2
68 67
42 13
65 49
3 3 3 3 3
3 1
3 2
5 3 3 3 3
3 5
2 3
3 4
4 1
77 41 72 58 54
51 44
60 11
17 68
37 59
66 24
58 57
11 66
26 6
11 73
25 41
8 63
72 12
44 28
72 18
50 13
35 45
5 14
52 53
1 67
35 19
41 38
69 31
8 40
5 36
56 46
65 34
5 58
62 26
76 2
65 56
54 74
50 76
35 55
1 61
62 23
25 1
69 51
11 20
64 33
30 47
4 10
60 69
60 50
50 15
11 64
30 65
63 16
54 49
76 27
8 9
76 5
51 25
5 75
13 17
51 39
58 77
60 48
69 22
47 35
73 72
32 21
41 70
54 42
63 54
69 7
33 71
69 4
50 8
8 62
30 37
8 52
46 43
60 30
70 29
25 32
41 3
3 3 3 3 3
3 1
3 2
2 1 1 1 1
2 1
2 1 1 1 1
2 1
5 2 2 2 2
2 1
2 5
2 4
2 3
15 1 1 11 10
11 14
2 10
2 5
2 12
1 6
5 1
2 7
2 13
12 4
10 8
8 3
11 9
2 11
10 15
26 17 2 26 25
13 2
14 20
18 13
26 12
4 10
6 7
14 3
8 16
25 15
23 6
5 14
3 17
17 9
15 1
5 18
6 26
23 8
6 25
2 22
25 19
6 11
6 5
2 24
17 4
26 21
7 1 1 4 4
7 1
4 7
4 2
1 5
3 6
4 3
1 1 1 1 1
6 5 5 3 3
3 4
5 3
5 6
5 1
5 2
3 2 2 2 2
1 2
2 3
10 1 9 1 1
3 2
1 5
5 6
10 3
9 7
9 4
3 9
3 1
1 8
8 6 6 1 1
6 7
6 4
1 3
4 1
7 5
2 8
6 2
6 4 4 2 2
4 6
2 1
4 3
2 4
3 5
17 12 12 2 5
14 6
7 1
11 17
10 4
16 3
5 7
4 13
10 2
10 14
2 8
10 16
5 9
12 15
10 5
1 12
2 11
14 13 7 9 9
9 14
13 3
14 6
2 11
13 1
5 9
9 12
7 13
9 4
5 7
7 2
1 10
6 8
73 32 31 45 22
13 68
39 44
47 56
41 57
65 60
17 53
13 24
70 5
37 73
37 45
41 58
32 51
70 41
32 59
7 8
32 23
47 61
15 66
9 62
37 29
18 72
7 46
47 69
49 27
45 33
18 65
17 28
41 32
39 47
47 4
70 39
49 34
49 42
31 20
5 19
22 1
21 16
36 54
27 48
38 71
19 9
13 7
49 31
47 18
65 21
35 38
7 35
47 37
7 70
38 11
61 17
22 3
37 25
47 67
24 22
53 64
68 30
19 40
53 10
39 63
51 14
41 15
66 55
31 36
29 12
18 2
15 52
45 50
31 26
41 49
55 43
8 6
6 4 4 4 4
3 1
2 4
4 6
4 3
4 5
1 1 1 1 1
49 22 7 43 19
37 39
34 6
43 14
32 11
43 17
37 9
35 5
3 13
22 25
4 32
19 47
34 3
39 38
46 31
37 26
22 16
28 42
41 1
37 40
34 37
17 44
8 19
7 15
27 30
37 8
42 48
26 43
28 7
7 41
24 20
19 23
31 36
34 28
3 21
7 27
26 49
24 45
8 35
40 24
18 34
34 2
7 10
3 33
18 22
16 12
18 29
28 4
22 46
44 39 40 16 41
33 8
33 34
1 9
16 23
34 3
8 26
37 39
41 18
31 24
16 7
39 17
40 21
29 2
34 31
41 14
4 36
4 35
8 29
17 44
8 1
38 40
41 5
40 11
33 22
26 38
36 10
16 32
38 25
38 19
32 43
2 27
38 30
24 13
33 12
3 41
34 16
39 42
33 4
4 37
29 20
33 6
38 28
2 15
1 1 1 1 1
1 1 1 1 1
