3000 3000
2040 1722
1525 2040
2005 2040
2790 2005
170 1525
402 2005
2053 1722
265 2005
1652 402
1567 265
1140 170
1653 2040
1420 1652
1598 1420
1994 170
2564 2040
2049 265
2289 265
1727 1567
777 402
1115 2564
2296 2564
2390 1652
2748 1598
653 1525
1730 1115
2562 2564
263 1598
407 2748
2535 1653
1849 407
885 1525
1536 1730
982 1653
803 653
115 1730
186 2535
96 1598
544 1567
2828 885
2794 1567
1712 1730
1230 2049
364 170
1283 2794
1689 1140
66 2390
2247 2005
1729 1140
1139 2390
2798 1727
617 1283
1392 1730
444 1392
421 1994
2168 1230
131 1849
2921 982
1672 1115
2947 1536
2998 2564
2444 364
452 2040
2787 544
1111 66
621 2947
1168 1729
2491 1727
1785 803
918 407
880 2562
50 131
2691 918
2262 2444
1833 131
1358 2794
13 2790
1207 1833
245 1168
296 2247
1105 544
2722 364
2218 1727
2521 885
2420 1207
1816 1727
882 186
81 186
1194 96
215 2790
760 2005
2701 1652
2756 1727
1121 407
1466 81
1045 452
715 2262
526 2828
627 2218
2468 2787
1820 1672
1702 1105
2050 407
1232 2722
1177 1672
1951 1139
340 1653
2533 1230
206 1598
1592 1168
1480 1653
382 2053
2873 1833
287 2794
1662 1833
2511 245
2785 1729
1167 206
2459 1139
1453 1567
403 2701
721 1729
631 2390
2471 2053
2351 982
1990 2790
2099 621
1350 1168
2097 265
268 96
2241 1785
2872 2535
1188 1350
496 403
2680 918
768 2722
26 2247
864 215
2877 268
1963 2521
1671 1951
1813 50
2121 115
2795 2877
136 885
2876 131
307 1121
139 364
176 2680
709 186
1096 1653
2651 1671
687 2877
2890 631
301 2722
2024 2701
2448 1689
1088 50
400 544
361 2289
141 2798
435 2680
800 1350
884 452
2688 2168
2560 2921
1581 653
738 1816
1407 2121
551 96
1352 176
1508 2521
2973 1662
1895 2491
1060 2701
2789 1045
2412 1283
181 400
2604 1820
1023 2471
1204 1350
1906 1111
672 1230
2583 176
1031 307
971 885
192 1820
2203 631
2645 131
98 1729
2042 2583
1007 1111
456 1833
2264 2289
2023 1785
659 307
1100 1816
922 627
308 2701
2089 709
739 1350
558 2722
2731 1100
801 621
2866 1121
1108 1990
2503 2748
582 2296
1163 1990
837 206
1967 1712
1318 2089
1888 1466
77 1833
1184 98
1112 287
1018 2973
276 2099
1713 2651
612 1713
950 452
416 2533
1822 2748
2686 136
1947 2756
2164 2973
1724 2748
2664 2604
1069 1108
2550 296
2256 2876
965 402
1293 2005
2095 2042
2911 1352
527 308
338 1727
130 1096
292 141
1144 308
260 982
2605 768
1587 186
2545 2412
11 2787
2700 1140
903 2053
458 982
2156 777
652 2095
1857 2042
1445 131
2328 801
154 885
2584 1525
728 2390
2175 2545
2287 2787
378 1722
2311 2798
2270 1466
2363 1100
321 1587
1648 2471
750 1177
377 2390
1120 1018
2937 2560
2836 2911
2413 2247
2416 338
2020 2664
1626 551
243 1820
240 378
1384 1293
1094 338
1781 2866
3 1689
589 136
1488 2560
51 1007
46 96
1997 308
981 3
246 2296
2460 1293
1123 46
1685 1184
669 2053
2242 141
1385 2890
1335 1293
2592 1997
97 2521
2132 265
598 2460
898 882
1148 1096
2385 2024
1132 2535
2982 1069
1614 589
1301 880
1309 1105
2710 1168
2712 50
2988 1031
2563 2701
1554 1702
146 115
1393 2005
140 2262
2586 2311
1761 170
2650 2448
2538 1293
2616 589
328 2242
2016 1662
1832 338
949 1466
2749 2005
1195 1392
555 1820
2744 1358
2347 1729
2822 2756
682 653
2334 260
2209 2872
1378 2756
969 1832
2772 240
1197 1466
2742 2982
2337 1115
164 2448
2687 1393
2539 1031
1821 1188
520 2584
902 176
962 2203
1363 1480
2190 962
297 1888
2967 1163
1788 1120
821 141
2857 1301
2806 682
1690 1967
396 882
1359 2857
92 728
2145 2806
1811 2050
1933 1140
1186 1729
1991 653
395 1689
1871 1105
1490 396
2567 26
1263 1849
1265 444
2859 558
251 1420
298 1587
2695 1967
1280 1265
2534 971
1631 884
49 2247
1930 2040
2384 136
2994 2859
2821 2347
1905 1168
1388 364
19 1761
528 1820
2782 682
144 971
1482 2534
2380 98
1924 115
64 402
2778 1088
187 659
625 2413
2849 1466
593 2680
1670 1031
2542 528
2461 687
1786 768
2530 2857
1033 338
2864 2289
2886 803
1010 1581
2786 2545
2995 292
1272 598
1214 1648
1162 1947
2903 435
502 687
1146 627
230 1895
2371 2024
1467 884
2488 2562
939 2564
940 528
1939 1785
2943 2973
2930 728
574 51
635 1162
1353 243
2657 940
2002 1023
1034 2795
346 2995
2613 922
2288 2311
1791 2503
312 1672
1687 739
461 321
2660 777
2552 902
848 19
823 141
2906 520
613 1188
1807 2218
2143 1393
2566 1094
1550 96
1064 2385
1152 2390
1349 141
1711 2164
40 1567
893 2873
1823 2680
2381 750
1738 1184
2723 1525
1338 338
216 1963
1446 2886
773 1378
242 1490
2038 1813
704 2050
787 2448
159 2256
1109 848
1812 1652
10 2876
2590 659
1875 1994
548 2821
1528 340
1397 1350
711 2016
1604 1293
72 1587
2374 672
2475 1689
2809 558
327 2943
684 1167
1898 1807
952 364
2808 1108
2871 981
1024 1132
963 2645
2370 402
148 837
2136 837
124 2943
6 1906
1179 2688
1181 1626
2335 544
2944 246
2373 659
2773 1144
2415 1822
1938 2042
615 2156
595 2289
1570 1177
1092 377
2058 1181
2162 823
702 1096
1774 2723
2781 1263
2045 1195
253 2042
504 1069
1043 2049
1474 2164
1063 458
2696 520
1836 837
2638 1385
1818 1626
1077 884
2844 416
1222 1453
2515 1729
1919 181
2118 2844
2801 659
1955 2660
2284 265
134 2058
449 684
71 378
1128 216
210 1168
172 1060
1731 2203
1824 1938
2618 1350
907 245
2417 2121
2704 187
82 1670
812 801
858 1144
550 1293
418 327
1669 1482
225 969
912 2921
841 962
2196 2136
514 939
2368 98
910 848
1441 298
1884 812
379 2175
2366 2049
1576 96
838 2049
2598 1648
2206 115
1901 2206
2349 880
538 912
632 1195
1269 92
1603 558
2506 456
1782 444
2489 1567
2279 2566
2035 841
1003 2168
775 2657
2080 775
1017 1163
2768 2731
2972 2821
541 2687
1129 1788
911 2710
204 2701
2199 2911
2354 2381
43 382
2935 13
1575 1177
1801 621
1465 2370
252 276
842 1670
1348 170
887 1293
2418 514
1542 2613
2736 842
695 1115
977 2886
31 1833
2237 1112
264 1774
872 1349
2148 695
1828 134
871 2203
851 1388
744 2020
1457 2785
153 2203
2193 1128
833 653
2627 1033
2537 659
2117 728
2572 625
726 1123
1261 187
624 2618
236 2515
147 1338
451 526
168 627
1213 940
1717 2023
1516 2162
2512 2515
945 1631
799 598
1545 1729
2588 2053
865 653
2476 2488
2668 1123
2678 456
347 2444
2615 176
2703 2143
1628 307
578 1791
1191 2016
445 548
2161 2583
2430 10
381 1010
1497 327
1900 396
492 526
1633 2567
1239 2877
2670 1352
1980 2768
719 2521
1314 2921
182 715
1585 2590
1008 456
2321 11
935 803
1708 168
342 1283
2919 1994
2307 2722
1972 2686
2623 2789
2823 1024
1187 2506
1313 1261
2113 1786
412 2994
1429 215
879 842
692 823
1910 1888
2395 403
2071 2688
671 962
525 97
352 582
959 2390
2649 2618
901 1832
784 1823
778 1194
497 2196
2923 851
1975 2903
1804 2089
870 558
2706 2366
2851 574
905 1144
1664 2789
1600 2873
2147 492
1538 1939
433 2550
2737 1972
2375 1197
1694 971
303 1804
116 1181
581 1385
1920 1821
1514 2873
1590 2627
1943 2687
877 2563
614 2136
1844 864
2936 1813
2656 1378
2135 236
2300 631
1602 2638
867 230
1091 2042
1410 2823
810 421
373 2164
752 527
331 307
2848 2572
2361 614
2760 2809
2792 246
2732 2448
754 2742
2718 2935
2721 192
650 2121
1612 1139
2036 402
9 361
1624 773
1032 2732
360 950
948 2701
2310 2688
651 2703
1450 2476
1196 82
1025 1033
59 1570
1233 702
2433 1939
241 821
2391 2533
2665 452
119 2886
1 2287
1668 1111
2466 624
68 1791
1483 1025
2344 1031
1402 210
1440 1901
1960 2930
2751 2024
1048 687
2979 2801
740 2937
938 1602
1873 2651
2531 2164
1617 1269
1458 1648
70 2113
1143 2049
1519 2288
2092 1901
577 1761
1484 2748
2547 2836
1174 2973
1070 2982
2215 1420
1413 858
2442 2872
2018 2566
2094 2789
1861 296
2835 2413
1114 1525
2631 1871
1235 682
1546 1195
1046 2836
429 418
2043 1671
1368 2413
549 2809
353 1112
188 1096
1113 435
1147 2384
594 1669
2957 1338
1481 13
1556 2592
1027 2638
2482 1148
2013 40
1983 435
2950 1010
1549 2296
2299 981
2527 851
2424 589
2640 1836
2498 821
1942 2786
1321 1188
997 1196
2025 497
2342 1214
1305 1457
1052 2851
2238 1920
123 1664
770 1488
508 1314
149 381
273 2161
2059 959
764 870
2814 187
2831 2640
2326 2592
356 508
1062 2527
2894 1717
37 1132
1706 2289
1835 2979
942 2844
846 871
2854 130
2987 2539
36 2627
2419 842
65 2563
1790 1062
2074 2043
1298 1939
288 2136
1696 2215
316 2987
1647 1139
1941 2638
585 31
2589 1888
2457 1177
2088 2121
720 1474
5 1821
1357 2416
1312 1818
4 870
2887 2018
22 2121
223 2247
1925 10
285 1144
2933 2420
2109 1420
1192 1828
796 2058
293 2887
7 1368
1651 1358
1310 1222
1998 206
1750 965
2643 2721
763 461
856 1519
169 2589
1058 2045
2960 651
976 2967
2014 2058
2629 2175
2692 147
1425 837
1274 1895
1856 760
2838 1925
290 312
1957 1283
1012 204
2009 842
1732 1233
2939 2982
698 1895
143 1888
15 1833
1231 2135
2610 2823
2593 1873
454 1972
1762 2143
322 1947
642 164
2208 2723
1500 2080
299 1832
405 1602
271 1788
569 1003
1953 1801
2369 1321
2453 1012
769 1750
1250 1147
2034 981
470 2749
2467 15
1478 2417
2548 1187
278 215
501 421
315 2744
1999 2148
1937 2424
1565 2467
1006 1975
376 2906
1026 2433
420 1043
793 526
1459 1542
2662 1032
552 2215
437 2459
2888 273
946 877
2066 322
604 1167
2033 2035
142 2034
1016 1338
334 2589
888 612
891 2772
45 2919
2833 2413
733 382
2632 2024
78 2809
1036 182
1044 2342
1850 1482
2379 2135
2679 1474
1373 98
2451 13
1356 577
507 2349
1452 1474
1747 720
2966 1045
2902 2718
1915 962
819 552
2165 922
2338 2584
2283 768
2825 1179
1344 245
973 514
1145 130
1705 2092
254 315
2529 153
1640 26
2983 525
1839 1100
294 2988
2440 2710
94 2562
774 1821
2581 1034
641 1088
1199 356
1597 273
2341 593
2926 770
2280 11
808 1031
2254 1873
878 1283
1560 963
1042 361
2222 1832
2504 504
991 2256
1400 2193
2231 2530
568 3
1133 997
789 1058
2895 2342
924 2254
1262 2342
2030 800
1370 381
545 1604
102 2385
2745 2300
1810 1807
1996 2537
2832 2742
2819 452
1215 82
1416 2911
1169 2165
1487 2988
2811 2960
1158 615
257 458
998 2792
2963 2459
2454 891
459 2809
1882 230
99 2058
2377 50
1355 1108
2698 1026
282 2095
1117 1152
1763 2876
1511 2381
2446 891
820 1850
1279 558
1299 176
104 2756
2483 1179
2435 2911
860 2721
1304 2967
1251 682
2541 2203
2322 1706
2499 1010
2210 2534
2352 1972
2908 1662
1364 51
2599 1761
2905 396
1887 253
515 865
1137 878
1896 147
344 2218
1627 1023
1134 2926
802 2262
813 2446
1332 867
2146 1484
986 2688
1842 1111
1659 2857
2087 301
1945 1953
217 2838
640 1633
2804 254
2063 1576
2845 2662
742 2943
100 502
1256 1196
1806 2515
1289 2979
354 2670
1118 2118
450 130
1637 2009
1324 1905
2327 1251
311 810
1172 2476
2897 1487
2780 1820
779 820
1578 2412
2398 418
426 1483
2769 1835
2904 2074
121 504
570 578
2817 1585
406 1671
1170 1575
1609 1441
1553 2418
275 1696
756 2349
1291 819
576 2744
1584 2488
1327 2781
162 1600
2899 538
1641 19
1448 871
961 176
1735 1648
816 2483
1456 1052
1437 1628
1423 1835
367 1279
630 2944
929 2583
1680 1487
2807 1060
1931 548
117 2454
2892 653
2116 965
783 1250
2683 2467
17 2242
1074 230
1886 779
2075 1064
2705 2787
2858 92
374 2310
2954 2165
190 2419
2104 1997
2556 595
415 2354
2186 1186
457 2322
2697 50
409 973
610 2527
2119 1546
2663 2215
1030 1263
410 768
2204 1609
743 1711
1317 1602
2653 1857
2160 526
1749 260
163 763
362 1823
927 1088
1796 1016
1491 2782
2386 2023
1682 2744
850 2310
2585 2749
1149 37
539 2660
2272 525
2022 19
2569 1910
2730 1338
1752 285
2068 2512
2263 2412
2124 26
2759 1450
1868 2351
1278 139
1176 1046
1625 1910
2382 2631
2507 1994
1595 2780
970 1174
390 301
2800 1458
438 740
780 2695
1038 1457
853 4
1156 1818
933 2873
749 2284
1083 241
1228 2092
1929 340
2140 2854
1973 739
2259 275
1202 102
2359 1441
629 1214
2855 390
2860 418
383 2566
1296 2328
678 1955
523 1088
178 976
2842 169
931 659
992 1774
467 1172
2258 2097
2594 1898
2180 154
2150 2593
2953 1034
2677 838
495 1296
53 1393
766 585
825 169
2635 1441
1085 45
928 911
1401 347
1517 467
1964 1169
84 739
453 2533
2388 704
835 2196
964 4
1221 72
2754 1994
2144 2773
1243 1140
1754 935
2630 2857
2543 702
1524 13
713 778
1253 2888
1893 1832
1428 190
79 2013
2870 2099
350 774
567 544
1863 879
2277 1018
214 523
2093 1156
2192 2283
2065 1516
2317 803
1499 2150
2652 1063
1473 2838
1681 2935
2219 929
984 170
1809 11
1234 2652
772 2723
2000 2987
2540 1428
1870 2349
16 186
1646 1186
1389 139
156 1937
2968 496
1922 1481
1090 390
1757 131
2516 1062
874 2049
211 2572
1447 1863
2587 1963
1995 837
2389 1407
920 2196
2032 538
2576 1096
2054 860
1504 1919
193 1972
2183 942
1527 1782
475 2040
1141 1296
689 969
2336 629
2847 2804
231 456
510 1296
1658 1609
2012 692
675 507
2546 1453
1154 582
1200 1994
259 2541
2163 1044
866 275
826 627
2646 2231
2249 1641
2302 2359
861 2071
1509 299
1182 632
1676 682
791 297
1219 2966
2940 1355
1210 1313
1166 400
2647 878
1908 872
160 2541
2073 1713
967 1481
900 1428
761 1083
2934 570
909 2806
1130 276
1444 2804
42 2016
398 1232
309 802
1107 799
2818 2756
755 1738
2946 435
2253 2789
2301 2847
1252 1129
968 51
2999 1658
75 819
2636 2380
1273 1833
1292 1983
2755 1478
797 2745
2544 2963
1830 2857
1011 1202
1969 242
2997 1130
2276 1187
1851 1672
2868 2359
1371 2645
145 1256
1688 2386
2932 2341
2634 569
831 81
1126 131
1987 653
441 2482
530 502
722 2461
1464 702
2525 1910
1131 743
643 145
1737 2751
923 2906
2194 2895
1510 1459
2559 2845
368 2073
2027 1147
1802 2794
2108 2736
2345 453
1760 2104
2434 1094
105 181
1225 1895
2134 2688
95 2373
1962 204
8 1905
556 2680
1564 791
2060 749
2091 2823
1793 361
1912 96
2796 2511
1408 1007
725 2790
1093 2632
847 2363
2523 2259
609 2054
440 508
2189 2160
703 1851
2765 170
2142 1658
737 346
208 2972
2990 1130
224 242
2956 2845
1971 820
25 2722
1642 8
2774 1737
2611 624
108 1931
745 2381
337 2476
484 2327
2110 1420
714 2858
1205 1344
2757 1706
2824 19
1582 461
2741 1905
2608 777
708 2652
1645 1653
2788 1564
1831 2983
1770 555
975 1868
1337 2018
1218 435
2111 1790
554 1603
2003 9
289 2581
14 1937
798 1210
161 2608
2473 1633
2006 2311
2188 737
2293 1149
648 2034
1065 2821
1948 2453
2313 1804
674 525
2942 2712
1562 918
2758 65
2324 514
2916 2652
1534 1310
2037 2370
566 1575
960 770
2445 2563
1455 1480
565 1627
1004 2379
1858 1251
1902 2769
203 698
2658 1651
1989 2144
2922 297
1751 1519
664 1842
917 977
359 2930
468 1130
2900 689
1346 1338
1395 801
1940 1202
2432 2503
2078 1833
824 2905
1776 2683
1351 2491
1475 2032
2423 2963
511 2987
1005 1304
2964 2692
2528 1453
758 2653
1540 1967
2961 1900
1426 898
248 2786
2986 2706
2826 2538
1769 1393
1505 181
1986 2877
1606 1188
2573 2430
2304 2847
944 2635
197 410
532 2253
365 2836
2909 609
184 2095
2992 360
1613 1291
2260 1972
686 2020
2672 2242
2659 2091
1366 2461
2971 1359
47 2075
855 2994
1557 1023
29 2156
341 1989
1449 81
2096 341
1745 2855
2880 1425
135 1712
2709 2706
564 1578
1067 1378
1767 1062
2733 783
1768 2457
20 97
1803 2219
1515 2032
2500 2418
1160 253
179 2384
2597 692
1673 65
237 25
519 2054
183 669
1439 772
925 722
2549 2053
427 420
1387 1408
1654 2988
314 2999
413 1515
827 1487
2827 104
2952 1833
1691 2760
2714 361
2229 784
2126 764
1591 1806
2520 1167
2571 457
2315 2080
2046 963
2159 841
447 938
646 82
1336 554
1433 2258
1897 2652
1071 368
1817 2260
1375 328
472 1402
2421 1273
906 1230
694 2573
883 2584
2220 2461
2622 1924
1206 758
2595 2961
2793 1167
1165 1433
1161 510
1061 1071
2502 45
2452 2982
489 2037
2250 898
1264 1844
2830 982
2265 1504
2472 197
1684 217
516 1299
531 1214
2427 761
2727 651
863 2538
228 2930
1164 182
1498 1210
408 2040
2320 1269
2486 2529
840 1416
561 1592
1072 1791
1848 2721
513 176
673 2005
1171 1939
762 2589
1841 625
2975 577
1295 1957
2331 1392
1334 2647
639 303
1663 2063
2875 2892
1903 1194
2128 383
1634 2796
1021 2772
2889 924
2484 740
747 1191
397 728
1056 1071
1303 752
1555 1851
1382 2379
657 2117
2600 1856
1892 1221
1843 271
2522 187
1734 595
759 1545
175 526
1411 1355
2122 1071
218 1164
126 163
2863 673
2083 1844
2639 2982
2941 2817
1699 2870
393 130
1978 400
1855 1280
262 1397
521 1137
1921 1549
2810 2334
2738 2486
1773 2293
707 2083
1328 379
562 2745
795 2611
2400 2569
283 1528
2155 981
2360 2870
1288 2488
129 2566
1697 1844
2367 2488
573 2584
2273 548
1302 456
535 338
560 1184
1611 1069
414 2043
2519 1628
1383 539
697 2088
1057 755
325 2284
291 50
2725 641
1601 2359
284 971
676 2758
357 962
2041 119
1153 1747
2085 515
517 2288
1777 2947
2098 625
1632 2543
1237 2098
2694 2873
1259 484
466 2788
930 1356
226 1063
1799 2760
1794 2569
1341 2025
509 160
1926 46
1740 2872
2797 190
954 1540
1245 1940
1826 789
244 2032
2479 541
1610 2851
1001 2935
1502 347
588 2786
173 532
1638 2782
2115 94
1716 2459
2239 1478
1125 2540
2661 1773
2791 1788
1216 1358
2362 2640
366 850
1495 2089
1414 1346
1643 140
1249 77
2496 1145
330 1252
2490 1292
537 1288
1485 1371
2976 2163
431 672
494 1011
1469 2650
785 1951
358 2012
1372 289
2458 2060
1211 1467
1267 963
369 2460
1151 1395
1035 749
522 20
2064 246
1319 2280
1644 1151
2607 918
419 970
2402 905
1087 289
195 366
1852 1447
2929 344
1914 1995
828 1445
1323 2250
1544 2014
1229 356
2323 1188
1917 1146
941 2190
2308 2760
212 2059
2309 1969
2641 1151
167 492
693 225
2497 1973
12 1483
947 2451
2517 1295
1547 2293
591 1969
690 2950
2405 170
324 2491
2693 1094
1405 537
2667 693
2244 489
1136 554
1333 2262
1571 1722
274 245
999 2703
270 609
2269 516
951 330
1307 2260
38 949
1417 964
1227 744
486 733
2026 2218
1365 1324
2120 1465
2172 1191
1985 1221
345 1278
1241 2594
1766 2855
2570 1671
2227 1008
1095 924
985 1945
83 2530
1390 1749
1079 2714
1829 369
2130 245
1667 1802
1954 1641
1583 1005
908 1023
1248 1858
2771 598
1529 630
829 390
443 2665
2843 2244
1419 931
2266 2692
2181 1353
2928 1910
1073 1671
1489 2570
926 1001
2174 2400
2153 1024
2912 797
579 1763
599 147
1561 2241
463 10
1240 376
1260 2058
666 2623
462 264
972 891
2980 2544
185 1309
473 884
2669 2722
2243 2990
1976 1473
1084 1401
2840 2956
165 11
2008 959
74 1312
1742 1892
157 2367
1845 933
2312 2831
2028 1489
436 412
957 1888
1968 135
741 2934
1422 2459
654 2560
279 2997
2766 1453
1290 1920
2291 2860
1880 2380
2603 2206
2816 312
249 870
333 414
2813 1903
2392 2635
2223 853
2746 1168
2169 2646
2775 2418
661 2444
2884 1960
2127 345
1377 2836
1589 144
1477 2308
1655 911
1573 285
425 298
1679 1168
2729 1802
1271 2096
2346 2623
500 521
2970 75
2157 720
1753 210
2719 635
1381 2300
152 2952
391 1062
1110 514
533 2727
2938 1953
493 2966
2891 531
915 1291
2883 1083
1974 167
2187 533
476 1272
2606 693
112 1414
2438 1264
388 2435
2685 2525
2399 409
1616 1182
2984 570
2776 1974
1846 1256
2176 2369
2217 1114
2029 2359
2734 1809
857 1517
323 2631
2393 2701
809 1640
255 2998
1805 2982
2465 117
2228 466
2201 264
1876 1317
677 2143
1825 1998
899 1446
2383 453
1506 1230
765 2816
199 2899
2456 17
881 1515
1294 893
110 846
1361 2766
2882 1377
384 2966
2602 1829
375 344
177 1353
387 593
1454 1996
1022 2164
1618 2121
876 1544
2396 2537
281 867
1438 2003
1122 1564
2403 346
1212 1105
2211 2607
681 271
1619 377
2170 2326
2493 2502
892 1036
2107 1910
55 75
125 1833
385 835
1244 2444
790 2312
2834 2033
2333 1030
483 975
61 36
620 2199
1838 1845
607 2840
757 165
1345 131
1683 1115
2081 1160
1461 1235
1629 236
2526 925
232 1333
1037 38
688 29
1566 2308
1758 2906
993 1445
2251 1348
1331 515
2372 824
2739 1216
2057 2430
1246 2301
465 1083
2557 651
2455 1546
2234 1818
2784 2722
2055 747
2470 1619
995 2870
2974 1215
572 2883
250 1925
805 2080
498 1006
1979 2467
1391 2984
2348 1454
1878 2327
543 2218
2715 134
434 146
730 2347
1718 2335
1059 2094
1719 1402
953 1250
849 1445
1815 2388
958 1895
2699 1826
1594 413
1746 568
2495 1713
1656 2168
830 1274
2518 237
1398 391
2505 1646
1726 509
1266 714
1869 461
1535 2732
597 1976
1451 1172
2267 1481
2514 2599
490 1500
2777 1690
1135 1225
1837 1876
1966 2074
2011 591
1771 2264
2554 2498
1421 1747
2743 1232
822 316
109 1905
2225 2979
611 1731
1316 2317
171 1115
1081 2499
1178 965
2031 2327
1543 2691
2513 1943
469 517
351 1168
306 4
2920 1077
2524 1749
2690 527
559 777
1329 823
1537 2482
806 1149
2245 1305
200 2940
814 1081
921 241
2591 2118
2261 2518
2829 1477
2913 1100
417 1290
63 1309
788 1640
2991 1440
310 1786
1579 582
2001 2589
1116 2513
1635 2013
2152 564
2224 2756
1859 1802
1418 2647
1460 876
1695 252
1765 2791
983 1861
355 977
655 251
834 2499
2621 1560
1078 1901
261 1515
1728 1929
1759 743
2865 2968
2404 1868
3000 640
592 570
804 2514
423 1178
158 216
1238 1377
2125 1455
601 738
1574 2638
272 1751
1949 121
1907 592
80 1618
2724 418
87 2380
1666 2979
2106 95
2750 2889
2167 1165
2463 1477
2290 2964
748 1535
859 314
2681 2489
1185 241
557 2830
873 331
2783 2302
1677 55
732 828
2509 2868
2924 1662
137 2865
1552 577
348 1758
1865 1240
916 2003
464 2143
1743 5
645 1506
1486 2924
1354 1906
2728 2263
336 1820
2532 1010
2965 639
546 640
1257 513
2815 846
1386 102
1431 614
44 2470
30 643
1029 2164
600 159
2303 257
1733 1196
2601 1437
2628 816
2671 362
2764 1659
1710 1230
1493 1353
1089 866
1138 1491
460 702
2067 2778
2536 275
2084 612
1124 1274
2414 2534
2477 1446
1236 1816
1783 2258
394 1955
2951 1820
1693 5
1435 787
209 2367
91 497
665 946
1935 1134
326 2811
1175 2383
58 2540
2178 2870
716 2225
1150 2661
1507 2695
1276 2218
1306 2333
2166 1629
1988 1323
482 16
18 1642
1775 1505
518 2956
2010 2639
488 1724
1521 2228
895 629
1707 289
603 2247
120 967
1101 883
76 162
2397 1900
23 998
616 173
2428 1122
35 2530
1741 2513
1932 2630
198 1256
2232 2942
2105 1407
553 2161
2625 2379
491 2628
608 1693
2702 1030
980 1290
189 1386
2151 629
392 829
1665 292
1471 2153
2852 425
1068 2768
2740 360
1066 565
807 1611
656 2445
1923 643
1099 251
994 2965
2881 2229
2298 783
2202 1371
1808 1759
634 1354
2285 768
54 2894
932 204
1339 1919
2837 1292
2578 2980
1715 688
155 467
2925 544
1340 351
2898 1516
1103 163
2295 769
889 14
1827 2776
1784 2424
729 2532
1254 1905
2684 1634
2565 2483
1396 2565
1039 726
1102 275
2620 1375
2648 2608
2076 2479
2955 2075
955 516
1412 2147
1242 1791
1840 1292
606 1776
2644 837
1424 1426
1800 1357
506 2932
2914 467
2048 1781
1520 1121
2993 1382
2429 709
718 15
978 2390
2364 1161
913 2589
2426 1438
571 574
836 2809
2007 2328
2747 946
1049 1705
2767 470
67 110
313 1025
73 1951
2069 1905
987 1451
2154 407
1028 2243
2609 351
371 1828
2171 1401
2173 928
2112 2143
2962 2702
2133 1121
1531 2159
534 927
343 271
2579 545
106 1111
2841 1152
2195 408
1479 1057
2409 2247
1970 1242
2077 30
1916 1544
2501 2736
1019 757
62 2742
103 482
39 149
1282 391
1904 2535
2441 20
839 1391
286 1303
2271 997
723 1770
138 2501
174 2311
2996 648
2 2528
213 784
2100 2501
2717 2649
503 1973
2918 2202
2401 641
705 2429
2682 458
2207 1808
404 120
1530 1469
118 2952
2878 2692
2443 434
996 1355
180 1457
658 2007
2358 1671
1054 312
2221 1092
1692 1516
1965 1164
1526 2737
2101 2115
1950 2310
2019 1801
670 2898
2376 2241
1494 2911
1885 2023
1127 994
2062 1760
751 1132
1599 506
34 340
150 2466
2989 336
1533 1062
2268 1711
1268 1016
2047 355
2839 1196
196 510
1106 2824
1703 1603
2931 2210
2626 1477
1675 2402
85 2598
2869 1598
1409 2864
28 591
2761 1222
267 2827
2469 2955
2340 2526
792 1072
1928 2663
2378 1113
1347 760
2355 1139
295 1052
1787 1422
817 140
771 2543
2090 716
256 1133
2149 1648
2297 601
623 2347
1097 653
2056 72
854 588
380 1902
386 599
934 515
1208 1745
2141 1590
113 1970
2205 83
2278 1600
1572 2397
2422 2309
1014 2532
1220 1069
1082 2347
191 2914
1789 514
2464 316
201 768
269 582
1847 1576
1709 1336
1380 1506
2226 2772
587 403
2561 2745
622 831
1086 1175
1284 2587
1819 224
2474 1145
455 1111
1720 1601
2184 184
1563 2704
936 1284
1367 2211
2306 2159
1548 103
1053 2851
1607 2898
1157 293
1714 1294
529 313
2977 514
2017 1469
1209 797
1360 2509
731 1987
2487 1293
679 2418
1755 1410
2292 2903
2981 1031
2449 1363
696 1135
2642 2644
1674 2109
1436 2136
424 2210
1198 385
2353 557
852 2424
2619 2229
88 526
1463 1509
988 2533
2138 91
1427 398
2339 2192
2637 1871
862 1192
1098 1145
1320 1995
2577 25
1853 1016
33 1926
1981 216
1744 1035
1041 218
1867 756
2762 696
2945 1545
1503 853
2329 2516
563 621
2893 817
317 1729
2510 273
239 2208
2185 2359
2633 901
2915 2833
990 1867
2985 336
2213 1240
2508 1359
1657 2416
90 156
619 1282
479 2983
1362 1106
1342 911
1780 1445
647 798
505 2636
1476 450
1874 610
194 183
680 887
2343 1741
69 1931
2051 484
205 263
2879 1084
2763 2056
2901 64
699 1018
305 123
706 423
227 79
1701 632
1889 1827
1275 1476
1877 2020
2123 30
2447 678
1894 419
1247 1064
2896 546
1522 1292
1862 143
869 2170
2959 2249
2079 1123
1468 2623
332 2919
2052 1264
1322 565
2568 378
499 2916
1404 1893
2812 2166
93 179
133 2915
2102 1263
685 1576
48 1452
736 1313
1430 2530
1621 1349
1472 433
1020 354
1285 1904
734 837
1432 2058
318 750
1879 1020
2252 2610
2439 888
60 2460
1326 774
2575 2383
2917 424
2431 2028
618 2434
2286 147
2177 2769
2753 314
258 610
2803 1745
86 2758
1142 612
2861 1857
2004 1964
151 2174
2481 380
1992 635
89 143
1891 2730
2114 2517
1270 1100
1721 2242
1369 2114
1756 1284
1015 244
2061 2694
1277 2288
868 2942
2216 607
2394 1498
320 218
637 716
277 598
2015 1771
1040 25
235 1233
319 2834
1700 34
1002 2608
1055 215
422 2284
896 1752
1173 2953
2624 2061
1442 1537
633 503
2596 2389
2255 2744
1189 685
304 2355
1795 1427
2319 1894
132 1164
717 1823
2356 1392
605 958
114 1595
1051 2823
2191 1783
2332 1231
1013 1019
2805 1148
335 635
644 1335
1415 646
2770 525
844 1054
989 2107
207 1124
1190 578
2958 1128
586 1479
2294 1774
411 1324
1558 591
2330 152
724 2769
247 1088
1952 2860
1984 1202
2350 2924
1343 689
2039 2027
1883 119
2720 2898
1406 1186
2021 48
1394 207
1622 1896
1698 141
2910 1520
2612 1460
478 1428
602 2961
1050 1644
1580 2508
2450 2728
943 63
2214 2847
628 1855
776 2109
1605 2746
2082 1121
2325 2569
1814 183
2558 1542
448 1981
2862 1597
2846 1758
372 889
636 1602
2555 2338
222 848
781 933
786 2445
811 885
1523 1400
1159 2682
2949 2195
1736 138
2179 1652
2666 1806
56 1631
667 1040
1577 180
1881 871
1778 279
727 2790
2131 195
1946 1062
1569 1246
735 2550
1311 1176
2874 2359
1649 1684
2752 178
668 2457
1009 1572
2708 2784
2198 889
1551 2295
1636 2846
127 864
1201 2739
2927 1538
583 2640
1913 1424
2655 26
1620 1813
649 61
432 2391
1203 2022
474 84
2411 2527
815 2671
1958 1044
2387 2615
1496 2777
580 1426
2580 1975
1639 283
638 2089
487 975
886 2237
1075 1629
2103 2764
2070 346
1193 766
660 1117
442 2839
1959 2416
2410 492
1325 2218
21 2704
266 2672
2182 2615
894 1457
2437 2491
1792 793
1927 388
2617 1319
1541 2768
1704 505
2726 2919
2779 2989
399 2473
2407 504
1403 2805
683 2635
2282 2141
2551 2762
2820 1585
1379 2855
1434 784
1297 2568
794 1877
52 2312
1961 2664
2853 13
1723 2538
428 314
2907 1014
1956 67
914 258
2246 1633
2230 2196
1593 2303
101 303
1374 2244
753 784
1217 1535
2236 796
701 1235
897 1415
1725 1905
370 2683
202 2714
1623 2429
2485 2499
2314 776
1076 2684
1977 1657
956 1267
339 1093
480 2657
2158 2944
1308 1725
2799 583
832 424
302 2403
966 803
1286 2278
2478 1919
547 923
234 1175
919 499
590 1113
220 2469
1501 1908
2674 1471
710 739
1872 794
1615 1544
1513 253
1568 326
2137 1699
2274 726
446 1433
575 508
2480 92
1911 1884
1470 2603
2675 1447
1918 657
2318 727
2494 658
2707 1689
481 1093
1982 1923
2856 1169
1608 1901
2553 2754
875 852
1539 1493
1492 11
1255 443
1864 1581
1399 1048
41 249
2248 1196
233 1564
540 1795
24 2023
1588 1154
471 2431
712 1364
111 2999
1909 647
1180 2472
477 1914
2275 1563
349 295
1944 2409
1860 2017
1224 1712
1155 379
1993 83
2978 1825
1443 1274
128 299
2044 1339
2867 2880
2408 317
1772 1927
1650 2861
662 1370
2281 2118
2713 2989
1854 911
2574 2946
1660 2892
2072 2683
2240 2171
238 1225
536 794
2212 2986
2365 1005
2197 1006
2257 2243
1223 747
1315 1615
1559 2125
1512 819
2654 390
904 2239
1779 1940
430 1701
2735 1633
1258 1308
584 1406
1119 947
2582 2901
389 1399
2139 313
1080 2953
1226 2542
2357 2669
1678 1448
221 871
2436 345
2711 2300
1596 1926
1764 1087
1899 1305
2885 1202
2614 2940
937 1421
1630 2788
691 851
1330 2544
122 372
1797 2982
2676 1446
2235 720
1834 1711
1739 1110
2802 506
2948 2111
542 813
2492 670
1300 902
1104 1547
1934 690
524 35
32 1762
1798 1455
512 2640
845 2020
2425 1098
2673 2134
1586 899
2689 2801
700 2399
1462 1308
2200 550
300 251
485 1905
280 140
746 2429
107 920
767 1021
1661 1470
2406 493
2316 560
663 2297
57 2719
1936 2080
1748 2300
363 1185
1287 2796
1281 127
974 748
782 927
2462 487
1866 729
818 1484
329 2882
1890 479
401 2239
2716 69
890 905
2305 1444
229 2057
843 810
2969 1310
2233 144
2086 865
626 1830
1000 180
2129 1596
219 674
1183 2877
2850 2230
1047 734
27 2806
1376 1398
439 1448
166 1988
1532 1063
1686 2098
596 2439
979 350
1518 2167
2695 383
1231 565
425 2678
1637 2394
2183 2532
1385 2345
517 2849
1841 1963
818 2888
342 230
762 2059
1135 2458
2624 630
1648 77
1315 1390
1371 2
1139 1968
566 2922
4 562
2316 545
93 2693
2889 2975
2541 722
297 2725
609 2631
2954 2729
1690 454
2187 2672
1083 2193
1742 756
1942 2478
757 80
438 2682
1994 441
2609 1309
2978 2067
368 2232
2041 2908
1312 696
1625 914
327 944
8 375
1397 553
46 839
1739 1153
1594 46
2624 710
2118 61
2757 477
2868 2365
1786 2211
1431 512
2802 1830
419 1113
2526 1410
1392 1845
1719 393
1585 1475
945 2989
1306 2049
135 2265
2094 131
1333 577
2557 1089
1054 783
1812 1198
2994 242
1709 1154
1065 486
2266 590
254 658
1800 966
1050 2750
2440 353
1097 111
1768 1231
734 2220
727 1433
2797 2277
880 2843
2052 2692
2399 1411
1926 100
2564 2356
2578 189
1304 2198
846 103
163 254
1211 961
606 2308
2430 732
2904 2529
2952 2624
2954 1741
259 834
949 1676
1884 2340
1446 2168
1805 375
1524 748
2556 1820
2945 2394
1289 1466
2013 1492
2426 978
2158 1221
1709 1055
2743 1660
44 1055
400 1661
1254 2707
336 2130
1039 1147
1298 2209
515 1180
2957 2436
2999 1894
1196 2646
360 208
1138 1144
1185 1654
1358 1887
2708 466
2539 1110
886 2305
2770 1133
370 106
2628 775
2611 2284
2983 125
463 1932
1554 462
2185 2115
107 1910
2322 2603
53 2500
1257 776
2745 330
607 1649
1440 486
319 202
984 2682
2673 2604
456 1277
1888 1797
767 709
2088 1686
1170 1272
800 2636
181 2115
1604 1592
2973 2860
1734 2083
1549 1333
731 2988
1184 2409
189 1160
2090 1221
2123 904
1490 376
2700 1622
1084 1787
2301 613
2424 1459
248 963
2566 1851
2555 1904
70 281
986 1618
979 76
2964 522
2484 152
1681 939
2731 169
835 586
2537 2900
1201 1980
46 2867
2592 1462
1325 1198
1791 257
48 1345
519 1476
991 498
2459 328
2939 2422
849 1788
933 889
1719 663
50 1919
242 1953
177 808
2925 2588
674 1882
416 991
79 2206
2606 1485
550 125
2961 2899
2988 1412
2592 2926
200 441
72 1132
695 1790
787 110
2067 394
1055 1609
1201 345
1197 867
1592 605
217 663
2810 2822
2148 1718
1939 467
982 1292
1244 573
1217 1443
2372 1288
933 66
1436 1720
2169 1861
472 2589
470 666
2300 25
898 891
629 1114
920 1797
2295 1426
2880 599
885 861
1891 1494
426 2473
1296 1791
2120 2228
1222 1914
2306 1749
775 2778
1338 2603
2809 3
2627 706
2886 1614
179 171
410 2473
589 2655
2437 839
2508 320
1699 2299
2159 2994
455 271
1587 670
1177 893
2418 1317
2029 121
285 1837
2116 2911
2542 1368
890 1079
1538 665
551 486
2312 1347
690 1819
1032 2388
484 2183
740 2931
1819 1320
2966 2362
1578 2384
2671 2599
863 2322
801 2979
591 2708
712 474
787 608
131 2696
1093 1809
1042 1783
2993 1067
2529 476
2615 269
2773 1434
1588 1731
2788 1524
480 1824
488 336
1145 1288
2680 729
2354 2384
568 2133
2991 64
1829 2443
1238 1229
2584 1231
2295 2112
1072 1910
739 2837
1702 685
934 1489
2208 406
1671 1688
107 2182
1334 1779
2276 688
528 2843
2186 1878
2272 2373
1320 510
602 269
1740 1255
739 1170
164 1478
1007 224
2162 1940
1712 363
1711 2749
409 1818
923 1109
2589 1557
155 2483
2758 2340
1360 1022
706 1038
524 2666
1306 1629
920 2044
1158 2443
2514 2164
2666 1676
2462 2737
397 2531
1478 171
341 1766
1279 303
322 1433
1778 2072
2766 137
2459 1830
1174 2983
1495 838
977 2414
1874 1127
849 754
2656 2881
788 1483
2617 1184
1014 1094
347 1354
1852 992
15 1539
1417 785
610 2541
287 68
736 2819
2416 2230
2649 1752
1010 889
2244 1224
1642 259
97 2429
734 2713
1971 1113
2165 1683
826 382
1667 2833
1920 2450
2984 888
1356 1629
2315 2092
814 89
314 2828
1206 689
716 1809
906 716
2067 368
1503 2166
1440 2839
279 604
1522 2463
352 2554
1288 1264
1369 637
1518 1718
1632 198
2802 1438
2279 488
1265 2851
2536 340
1659 1800
421 2718
2167 1924
1249 2599
1762 893
2569 1642
2348 2920
562 2
549 923
4 2066
2006 1635
622 1173
2065 2267
20 2696
1110 2555
1394 1761
1354 1814
844 2513
2096 1458
1478 2217
1344 1046
224 57
2958 785
2424 506
67 1421
931 2072
1414 545
245 2845
2177 2257
2540 286
1811 299
1412 1523
471 1621
2394 1560
2445 871
142 154
909 365
210 2225
2509 993
2097 2575
2413 1386
639 826
1930 883
670 473
2505 1568
2751 2674
859 529
189 696
1515 2583
1621 2952
1812 1762
105 1080
485 1674
304 2993
2666 2400
926 437
785 1565
628 2081
1813 2657
912 311
1224 662
1343 1449
556 1532
2144 430
2473 2123
381 277
884 2852
722 734
2884 1026
2086 2549
2791 11
2351 1935
1575 1971
2374 2381
1627 285
2057 2217
312 1758
665 868
1648 1167
1297 1120
289 36
763 2531
1246 1484
2257 1129
1875 1342
677 659
719 1386
952 2293
357 325
1039 1349
2602 1454
2558 2913
212 1581
2139 1859
2113 2801
2345 760
1196 1466
290 2441
2949 1913
570 183
2620 2605
841 338
991 1792
1997 1347
475 1394
1054 76
2848 612
2354 2425
1558 1493
1283 2664
2652 1986
423 847
451 2072
288 1759
350 2850
1941 2969
2454 1774
1666 444
2931 2021
149 2398
414 1203
1839 261
173 1192
2685 723
1043 2327
2752 2054
1312 2541
1893 122
1612 2180
1880 954
1395 820
288 849
1959 312
2651 248
2332 2166
2011 2746
1727 849
2372 1899
399 416
1987 808
2742 1105
1854 419
2638 746
2533 615
2292 1412
934 2045
590 2580
1252 1541
2892 903
1788 1589
1427 798
327 153
5 2065
2051 2770
2480 2396
577 2221
500 1423
998 2503
1534 531
2110 191
301 1402
595 891
982 1846
1797 2232
1107 585
820 2533
2741 513
1678 2112
1570 94
1881 1049
849 1450
1628 341
2238 2625
2210 137
1514 2678
1687 1181
1080 2281
2071 1054
2485 867
285 592
2810 1104
2117 1917
2975 161
21 1544
2247 1901
951 95
1709 1944
2802 312
2928 2011
448 1441
47 1500
2621 1126
2773 50
2179 2258
283 1829
2215 1451
1292 1331
2360 1266
1491 1746
1169 104
2005 2119
198 713
1063 2365
1024 990
2734 2831
789 2781
1330 2776
2899 469
2825 1444
2092 1466
2265 2665
1910 556
995 635
815 845
2381 1983
2307 1385
467 2504
2098 895
228 1480
243 1954
676 1032
1734 999
807 999
833 1990
1435 1283
456 699
947 1731
621 1307
1358 801
510 738
2149 2816
482 1981
679 938
2876 906
2417 2111
2859 93
2508 2952
457 1673
950 2648
663 1750
296 2477
1814 1242
2566 1427
907 923
1593 410
1027 107
225 501
2088 903
1438 956
167 220
2432 26
1671 1940
2343 486
612 1651
133 267
2393 1787
2109 199
28 1674
992 2294
1963 1950
2703 1982
2057 2293
1848 1144
1555 285
1465 1721
1863 896
1746 2527
1828 2447
12 799
90 2511
1065 1848
1297 2540
1413 2684
579 1770
970 2541
719 38
1522 2141
1323 2362
1643 2877
2012 107
1598 2868
2996 1702
2767 1189
1149 1137
1987 2597
647 2418
1445 937
316 1216
620 894
2985 955
2428 2062
2985 315
1203 673
2043 1838
550 2413
1945 1513
1646 299
214 405
480 2721
1542 1833
1684 2188
243 128
1483 558
2702 1468
2810 2686
1415 2237
740 765
911 301
1438 2953
2139 346
2365 449
1858 4
747 430
408 592
151 1315
783 1834
2869 18
320 1351
2941 21
1178 1744
1065 2592
346 1804
1716 1256
2105 2146
2567 609
2491 925
1057 2707
294 162
136 67
2746 2279
1382 2895
478 1250
2278 2156
959 1212
1542 2136
328 2606
87 2032
2769 1802
2654 1873
313 2220
1474 1162
144 1896
868 437
1050 1003
2497 161
2648 244
55 1484
859 2333
640 176
2910 2181
2312 1596
146 757
2993 2914
1924 1639
779 1229
859 1618
2390 2361
2879 1616
1157 2287
2618 19
2447 1258
2628 1868
2742 2479
2559 2747
2654 2468
286 1331
2422 431
2087 2414
344 2369
419 488
597 270
1471 1345
1996 342
2960 2518
2628 937
2536 1441
1187 2163
2301 294
1007 1859
1399 661
2685 1685
350 1472
2115 1430
885 1452
164 1303
298 2120
938 762
464 1293
469 1783
810 2090
1712 1705
2896 271
2226 1189
1924 233
2413 322
2252 1463
2006 1594
1927 2480
2389 2177
2290 1919
1839 2587
1038 1135
348 494
2427 2176
1642 2603
631 2719
300 526
1349 1891
1080 2638
1489 1851
2959 2099
2306 324
59 598
1162 1813
2774 451
731 605
2030 1768
1740 1744
1628 532
2912 2262
2127 542
1347 1792
2426 2061
49 505
1698 1537
1348 15
2629 19
338 1680
616 492
2858 2382
308 589
2353 2338
1349 1092
2440 1335
1623 2351
2963 116
2258 1309
900 1683
369 314
1180 425
844 1893
439 2838
1911 2136
883 2526
1993 740
1907 2301
321 252
2997 29
709 2436
1363 1698
779 1325
806 2402
992 1071
77 726
1385 622
143 1594
1507 582
424 2410
2717 1306
1301 1709
1038 1566
2368 725
1184 2364
119 1892
1799 1481
1948 1943
1165 1112
337 1522
542 2779
1241 919
2393 749
1878 265
1330 2301
2040 2405
1965 2333
480 2368
2258 1840
2458 441
1204 2576
691 2
2416 1632
304 580
2743 640
460 1643
2412 1700
2561 1170
2449 804
2794 2137
1463 1833
908 427
2525 380
2161 1782
1585 611
1215 2788
187 264
1149 2602
1895 1452
1540 2997
1457 1999
1639 234
65 566
2763 872
2728 2556
8 1191
381 2274
2976 2905
2653 1129
45 1238
1106 2618
391 1292
2882 1539
2252 135
1349 2150
131 1165
514 129
391 2571
2053 153
2435 1780
2708 1809
1329 2455
1082 1305
718 2094
1426 763
2697 1897
380 2080
2181 2254
2985 798
2389 326
2313 878
1490 1820
372 2254
756 2424
765 2557
2563 473
2724 891
1286 2164
2195 2003
1257 2987
2765 953
1883 2138
2399 430
757 1376
2586 145
1067 1899
389 1923
84 2753
2535 2832
536 299
2388 98
771 1104
354 2056
268 1915
2418 890
260 2182
1209 501
2678 2600
930 435
341 1875
1938 1407
139 1319
2695 2215
2431 2229
405 2332
2528 1152
2429 1657
1621 2148
2706 1254
1062 2123
1510 2680
670 2718
181 2341
2317 2469
1134 1016
1343 71
2422 2840
2749 476
413 2179
2704 818
1510 1224
1335 304
2881 2955
1817 1952
575 1238
440 2084
917 2468
794 90
1808 1469
2559 2941
2484 267
1371 264
2100 1119
739 2512
1656 1802
2695 165
25 22
2834 1264
2343 643
1574 1910
1880 1379
2352 1156
2840 145
1245 1013
979 169
2313 1821
2429 2676
2084 2887
794 2189
1764 1442
990 452
972 2373
2839 2164
637 1174
2806 1576
1442 45
1948 793
1200 146
303 803
151 274
972 1829
1087 1759
1504 2537
1011 656
1725 1767
1463 1707
1584 1800
445 416
2956 1081
955 2128
1016 2397
531 1322
2555 723
1467 1851
1898 983
483 1228
2812 936
1345 2674
2838 2355
2696 1562
1122 1158
2634 1064
1317 78
1479 1272
2518 2434
1758 1892
189 2288
213 1736
2376 1679
2952 267
2027 1794
487 197
2095 1198
2871 1932
2545 2566
1852 32
2082 478
89 398
2921 933
1036 797
366 1786
2688 2920
1074 2900
1022 2442
944 2332
2074 1964
1125 1927
2160 219
124 1396
509 2034
2954 2360
1059 1402
2203 513
1165 483
1445 1193
1279 804
2345 333
89 1777
2225 103
584 2535
2435 2658
491 1918
950 2016
496 1073
412 1004
2099 2731
2357 2523
498 925
35 656
1407 1480
207 1045
1649 2551
1377 96
2686 2967
1558 270
1494 2985
2927 1350
1268 2869
2732 1129
307 1502
2133 1771
2591 855
660 2082
772 2053
2103 1545
1891 2309
1582 539
219 2958
1994 2904
1283 551
173 1770
2901 1458
2485 1168
692 575
2297 364
2076 2788
494 1667
8 146
748 145
2198 1209
682 1089
1876 1629
2986 2094
579 1979
357 1228
888 2895
2363 788
2712 840
315 403
1415 2611
2126 2856
1764 1612
515 764
1123 2621
908 320
829 956
2767 2705
2584 2119
157 2529
2456 2879
756 344
1767 2111
124 1478
2316 438
239 96
1407 2364
2952 170
341 1825
299 456
812 200
142 1640
521 1267
2703 104
385 2226
2632 1834
1097 2380
536 2229
2849 659
706 1531
2456 2304
1626 228
1033 2936
1757 367
1127 1048
188 1938
613 2322
1936 1133
589 2998
1237 973
2223 2227
1165 2312
2966 1700
907 2814
718 2971
2703 2539
2274 1329
1759 307
2623 515
2032 749
929 2219
1045 1541
907 1974
2040 1495
1971 1635
826 186
2854 1357
1863 1178
56 2135
992 2132
2106 694
1670 1379
381 2795
44 2370
1668 2075
2111 2596
660 2522
2496 1566
1495 528
2426 2831
521 251
2382 374
1607 610
1552 22
2745 902
1519 1850
2954 189
1587 2701
1342 1631
2070 9
71 546
1598 96
67 1093
1661 2920
2979 1086
2750 499
2696 2131
238 2661
2741 148
2048 1478
1049 567
1686 369
2114 272
2062 2448
1902 124
2456 1339
35 2412
1434 2095
1863 95
2014 1207
2539 757
1705 1600
2253 936
1261 986
449 1667
1829 491
2233 514
225 339
2779 2286
2152 1046
1775 1608
2384 168
2378 818
2262 1241
2271 2635
2447 1809
2757 518
1768 2009
819 1387
1354 1267
53 1541
1123 2286
1048 1347
2624 192
1991 1776
1237 2124
1742 621
2292 485
1438 2912
1091 2701
1912 2904
875 1668
421 2642
43 605
21 2755
864 74
1295 1353
2359 2342
2065 341
2533 2415
475 770
1538 1582
1390 2188
1060 1186
1466 2150
886 377
412 119
2045 832
1754 446
2795 1140
200 25
1213 1494
1377 2937
836 1800
1637 2734
1214 2111
1862 1111
2052 251
298 111
2795 1763
619 2039
2140 1031
2158 2543
1228 911
2988 16
2050 187
40 2629
39 782
1558 2867
2581 194
1967 2788
1671 828
898 2715
2438 2554
2191 1225
683 2809
264 1181
205 2421
723 426
1690 2069
2807 2098
614 2846
1726 652
2620 1643
2885 1566
1202 210
1353 1865
30 609
945 2467
2529 135
2051 2204
1303 1680
1743 500
2459 824
291 1148
2892 97
2611 2871
1301 2696
1881 286
1338 1765
1852 2539
1974 1563
2763 1370
2172 707
2195 59
2201 1245
621 2496
1283 2363
2361 741
186 2652
1888 77
1741 2858
1306 42
2553 186
327 890
1951 2178
1787 2283
2100 915
2011 2630
2981 199
2688 1174
2802 308
35 1085
2670 2395
1825 1848
2046 2072
1290 787
1929 1588
194 2840
1773 1879
729 2082
50 874
731 1515
1789 1734
1144 128
1298 831
1301 1100
131 1335
1550 1159
729 1733
6 1134
804 2654
913 2098
1241 472
1937 2379
2350 1024
1461 1765
1898 550
279 2045
642 415
2172 1940
1245 2838
1398 2734
2531 1940
892 2252
672 263
2751 842
1909 29
1932 2515
2493 2228
887 836
251 1713
1966 507
1255 1238
2551 1896
1018 81
2194 622
2918 591
355 1441
2530 613
1066 1561
2868 2175
2402 1143
2204 2692
657 1696
1919 1543
1897 529
1614 2222
1035 1861
2452 1945
123 2835
2025 2316
2449 302
1266 2170
1108 2788
1775 532
1721 1008
2707 2481
2150 1910
2173 1800
1964 2450
1701 227
2978 315
2448 2372
1541 1265
1316 22
92 1699
1704 1907
2000 2969
1076 2474
2122 2850
1998 2836
2216 1070
675 1366
2345 1840
1524 1309
656 224
2894 2999
1897 2341
2370 2804
2598 2678
2825 2055
1377 2887
961 1735
1848 1029
2567 2329
2237 931
1157 1453
2000 1197
1811 1345
2403 2700
1012 58
2923 905
56 1186
1604 785
2982 1201
462 2172
1614 197
1052 2575
1298 2265
1962 2857
586 1199
787 1108
2017 2153
2305 193
1856 1707
2892 1860
1130 1807
2130 1185
2358 733
962 2339
1299 790
2870 1905
352 921
472 642
1544 1800
2865 2130
2998 2010
2603 373
1162 1907
565 2010
1972 2449
235 101
621 1730
2645 2979
2462 2972
676 2119
127 545
1024 2472
2824 861
2479 1368
2660 1336
1856 1016
346 1458
1388 2866
1724 945
1876 61
2759 1476
162 2746
206 2172
2724 1026
2143 2765
145 629
1669 2527
100 1492
387 937
1218 1406
2273 2439
1787 977
2256 1534
842 979
1844 2083
2398 1603
559 2559
1348 2757
89 437
782 591
2194 2285
1219 862
1811 1318
1720 557
1247 1930
1962 2885
735 2107
227 2990
640 2428
2327 2484
1510 1724
1086 1061
276 792
2176 2730
1228 2324
320 1780
601 1538
2008 1405
1214 2720
1327 1827
1015 1647
70 742
753 2290
97 386
1717 2423
1228 1585
140 2313
1639 2781
2470 180
2510 2056
1496 1189
2828 1463
2726 1201
2233 2933
2279 559
1759 294
2205 821
401 1316
2476 1857
1701 558
1279 2928
2143 411
599 147
2557 1427
326 1433
2475 1188
2621 1669
2016 1339
2869 1248
637 2148
165 754
800 1735
941 566
2043 416
1415 2103
974 2694
1396 1475
2470 354
1621 1393
773 939
1818 2614
1492 1438
1282 1866
2142 516
1472 1772
1022 1636
884 814
1729 1824
746 772
1233 2160
2240 1572
212 2628
46 1041
2981 25
1426 120
329 2609
2733 1821
412 2373
2679 1546
2888 1151
1676 2903
2152 2560
82 881
1383 2186
11 1981
2705 2250
1911 2916
236 315
2315 2583
339 1113
1695 668
2714 2786
1854 2491
2158 898
2396 1038
1414 1071
306 2559
2996 1747
2805 2738
932 2181
77 636
2789 1988
1911 24
1668 1225
965 2007
1331 2659
2040 410
803 2886
2267 2960
2142 1662
2991 556
2732 2662
2480 1087
1408 643
824 1333
2823 900
1968 1604
1246 878
993 2914
1469 1958
279 2165
2975 1311
1940 778
2555 199
737 1696
1860 93
1244 2951
1748 89
1037 1514
731 853
2846 2546
1118 1180
515 1357
416 1508
1270 877
465 2907
41 2432
1217 340
209 137
538 2305
191 1764
1390 1435
73 2503
889 1109
1017 613
1327 862
2524 803
400 39
2159 816
539 1787
1692 2362
1693 92
1793 1268
431 1368
2763 2327
672 2954
1090 420
754 1162
2923 1642
629 2932
2254 1321
159 137
2124 2552
175 1282
367 2072
2435 417
1433 2486
2874 225
754 1663
2951 516
990 622
469 438
35 1222
966 2957
1223 2953
2254 476
1274 1405
2605 2390
322 2145
2030 2681
209 2823
2464 1641
2309 2337
1232 62
1000 1182
2943 1355
797 1771
785 197
2992 1116
2146 1214
1069 765
49 1335
2169 2019
2083 1484
2523 478
530 2731
301 366
738 2609
1062 962
1663 420
2143 971
767 1298
1734 917
1494 1092
2033 5
664 1460
2762 2071
1153 1297
1090 235
2146 612
712 2041
1701 5
766 2438
1979 1827
2765 7
1239 267
978 1371
1564 1704
2287 2424
2161 685
787 1818
1137 2915
888 2289
1211 1343
1889 1715
313 960
2114 2014
330 2879
2810 2309
64 2575
2315 1302
2841 2285
2672 2763
355 1325
2186 874
1002 1332
2691 498
1246 2945
2152 815
280 34
2529 1952
2352 1008
2324 2681
2246 2133
982 2309
66 297
611 1265
940 1641
394 2653
2965 938
527 2326
2269 1576
2189 514
2879 1340
1328 159
2732 2215
469 2083
223 2792
1764 2468
283 2745
769 349
1400 745
2972 699
2386 365
2717 709
1303 2236
2400 571
178 581
2444 56
1921 771
1573 11
2986 2041
2094 2201
191 2850
27 474
953 795
2181 1719
2899 2152
2417 1277
1883 492
1351 2178
2094 2110
2114 2271
2690 1557
1692 976
687 265
2980 672
1671 2073
1231 1862
1288 1257
1328 2240
410 508
2317 308
2025 92
950 907
584 2301
2450 2677
2769 2923
1947 2458
1479 638
1793 1158
2261 1772
1195 2925
210 1418
1152 490
1033 2479
1088 1443
2352 405
1750 369
2489 2700
269 72
359 2084
2114 127
2006 1060
1577 1844
57 2735
2367 1683
1506 2555
973 74
338 2124
563 1371
2961 10
2813 1305
1773 555
1040 1634
1613 674
1072 964
1750 185
83 2115
2604 1026
958 2660
760 2317
1342 1632
1237 2315
1705 568
2797 627
931 2758
2 109
2421 1774
2022 460
2400 635
126 2837
2957 1242
2015 2406
356 1618
431 306
2636 556
981 343
1553 2218
1016 2624
1144 813
250 1440
2563 251
1548 1983
1390 1928
802 155
1555 2920
1985 1512
527 365
917 2875
341 713
1539 2976
634 1886
1677 1553
96 2693
169 1612
2498 2784
2044 1426
1393 2957
1767 2782
877 2568
1929 1798
1854 279
2675 1373
2636 2584
2607 2976
2662 511
1310 2661
2396 2987
206 1857
1038 2740
2461 535
1516 870
319 2908
2185 2085
2689 435
646 984
591 2499
255 265
2230 2257
2214 1202
1225 868
1713 1901
2894 101
246 1459
1958 1283
1198 784
176 2714
13 494
1987 2197
2578 35
1624 2589
1018 2214
446 1272
1844 2676
528 50
877 1119
1290 948
1378 177
1049 989
1635 2372
630 1191
2148 805
904 2160
664 1250
723 1600
1284 1712
182 2301
292 627
1931 2135
1661 818
2185 1904
295 1833
2851 1672
368 2258
2660 2002
1629 289
2186 2770
2452 2455
1295 115
704 2017
707 1987
729 254
2646 13
247 570
1513 1907
1387 2056
2169 1681
889 2020
2718 249
1277 736
1617 1899
2383 168
1034 1834
981 1694
1314 44
2070 1386
2030 1791
1640 35
2176 879
604 2047
2151 349
1103 1320
1395 984
1698 105
598 1967
840 1207
231 222
367 257
1421 714
1317 1727
757 386
1471 1145
1542 110
1179 2076
354 141
1122 1871
489 1217
1549 1883
559 246
346 1157
2212 551
1729 2443
2131 1462
2065 2544
2175 1740
2629 1924
2125 1100
68 2659
2568 1247
1734 2288
1387 1215
151 1242
790 1699
1483 1349
1944 1829
1871 521
738 2592
1322 1862
1053 1746
771 1586
485 400
2502 1603
2858 1936
627 2425
1541 720
1078 2293
927 1228
2527 1716
1285 2369
2430 2594
1197 293
2108 293
2251 1788
2154 1662
533 2925
2241 11
1683 2115
979 906
2409 598
2696 949
1317 774
242 602
360 1127
1684 1645
495 106
2597 50
2765 1704
343 2015
492 855
676 2383
145 1909
2393 186
390 1730
1091 2798
2328 2780
2740 2003
553 2347
2605 2271
1832 654
915 686
759 512
101 523
574 1802
896 2424
2657 565
1807 1794
1839 2558
1346 2228
1288 2436
385 2981
2215 2490
1983 1126
195 953
397 2026
1606 2670
2077 724
2547 1171
612 2114
2972 1508
903 1994
1065 2075
154 276
1633 1499
863 2286
2927 240
2266 501
1088 1248
992 1282
560 2747
1666 1531
2417 2736
2254 322
272 1225
1801 243
1725 2704
2237 162
1778 749
2430 1769
2247 1651
1054 532
883 1678
1032 1336
2926 383
2617 2851
129 276
374 1538
2377 987
1860 2648
2211 660
2890 301
2729 485
2455 873
1233 1250
2641 1838
1894 2054
2370 2142
731 1760
478 22
2142 1453
1865 1264
1728 598
2167 1104
950 392
2110 160
418 2000
460 2512
843 2280
384 1442
2522 1384
2272 2774
437 3000
1282 533
1760 1759
2548 2894
1570 2771
2516 298
2734 1049
2760 683
1440 1870
2201 1223
2228 1653
2728 2436
298 1470
2870 1179
2853 1508
952 2282
500 2233
2181 618
2350 1728
512 920
2857 2393
2576 2591
2434 694
1632 240
1929 833
455 149
1851 2548
1951 2149
1018 1820
2320 2863
1686 2637
2518 545
229 691
1162 937
777 666
849 2999
2425 2790
2589 1858
2850 1221
456 771
2053 911
286 903
1817 2236
1410 2834
2414 729
2697 2459
1725 573
3 946
256 1164
1882 398
1196 2097
396 620
1252 2351
836 1101
1930 1292
865 2341
561 1523
1602 2377
2117 12
1204 1530
2099 2259
988 2816
2831 990
127 2452
1147 2009
2215 1708
471 1603
1320 1722
319 2155
1816 1241
1805 2046
581 1358
1927 2183
2094 1043
553 297
931 2651
1921 1919
2467 110
1267 2593
920 1779
967 134
486 430
1102 1171
2152 414
1685 333
13 489
2378 2960
1847 1304
501 940
705 1053
2595 1635
2696 2874
553 1528
2983 179
2480 902
1323 2439
28 1809
2235 2488
1338 1386
1260 22
77 1273
2504 813
1232 716
2116 1732
14 2820
1777 1601
447 838
840 366
2366 822
2910 204
716 225
2642 109
392 235
1589 1730
613 2849
1751 55
487 620
867 77
328 1341
1808 1700
1160 2950
2666 973
153 505
2697 877
1326 965
1080 400
1189 2081
2501 2940
2315 456
1035 2294
2297 1144
1341 2149
757 2208
2225 450
548 2391
2150 67
2340 808
405 851
1313 1460
1728 997
2424 1800
1397 1971
880 897
1910 1554
2711 1303
2840 1373
2447 546
521 203
2753 1738
2011 2667
1128 153
2733 1826
327 1496
2677 1639
1948 2763
2635 1371
1562 2390
1700 801
1646 1969
2354 1356
271 552
2729 2717
1097 2242
1278 216
346 289
1875 1473
441 2966
2665 2760
2820 700
764 1767
462 1758
1496 2023
1147 195
2189 2792
2163 2901
1148 2434
452 2235
509 2908
1476 1787
123 1821
2075 356
1653 874
2687 1317
3000 2506
2016 2756
265 2477
879 2133
2858 1392
686 406
2542 2849
306 2048
641 2117
1282 1149
2024 2758
2935 505
2937 368
226 955
235 1905
2271 234
403 2645
2355 1040
480 2600
1531 2704
2984 2216
109 2525
423 2407
1573 1063
2882 2854
571 1905
970 2871
1775 273
2232 993
1227 1832
2263 1857
424 2031
1501 2778
2063 340
736 2959
43 719
1168 1510
2610 2949
2275 2541
1012 2157
2394 948
54 2730
2811 1195
1995 401
2187 221
2232 2809
2077 1648
1839 1937
792 268
1642 1527
2219 1684
1612 2752
1552 214
2701 826
2754 2071
2982 506
2011 2402
1594 180
2589 588
2947 134
175 537
2942 610
1551 1781
2546 2342
407 2546
2227 2625
222 2197
2377 1139
2410 436
1965 522
2506 939
394 1516
1699 1987
1061 1287
934 3000
787 101
537 728
710 2087
867 1615
794 1273
1160 2013
264 748
576 999
1886 2985
1434 2209
1866 2932
148 1252
2806 839
2604 866
1492 2530
232 2278
1996 768
1364 1699
2220 590
2679 2006
1228 2197
384 484
2310 959
2841 2555
2303 1274
1763 534
2564 269
1151 2369
474 2747
2601 1965
1643 1825
2601 638
951 330
1702 1529
919 2739
534 506
1936 2276
2348 1245
2601 2189
799 262
2455 921
795 2019
1189 938
753 1662
50 2346
626 685
536 2592
1323 2845
1915 1383
1373 1192
1122 265
1697 2050
2541 38
2660 500
1592 1818
761 1046
2738 548
2430 2919
851 2176
947 2893
887 2931
2944 416
2523 2625
260 2796
1007 1633
987 1121
1897 1043
2536 2796
446 1562
295 2037
1738 1055
1441 468
968 2864
759 1818
1405 64
704 2291
2995 13
2072 1510
2637 2332
1305 643
2323 650
123 2578
1058 2658
1740 496
2578 2034
1898 1315
2455 2705
1148 2415
1934 266
1233 338
329 1302
987 323
1314 59
1832 2309
749 1495
2951 1430
1511 2066
373 2568
1090 2112
2430 667
1146 2686
975 1959
1383 2122
1373 2309
1380 964
2012 1075
1631 2365
1397 1303
782 1588
611 523
2075 2555
1318 2951
986 1690
1512 2075
802 2934
1735 306
1985 2075
2264 368
2555 1995
2042 301
2325 2413
1375 2948
770 1764
1251 917
2344 220
805 785
1133 2122
101 2119
177 1612
186 2337
911 279
2642 2896
2353 264
1622 1908
1625 29
2208 949
2441 1941
896 2576
704 505
492 2414
2718 2655
2564 850
1776 2664
2334 946
642 879
2648 2911
1157 2290
2806 2876
912 793
142 2536
822 708
1843 1621
2648 1732
1197 1710
1602 47
1123 685
2702 52
901 843
1075 234
1154 709
105 802
619 628
1450 2791
2496 2361
2576 2003
1263 2390
2710 2098
377 1350
1202 1573
59 1163
985 2541
1847 686
2592 2113
2888 2659
706 1041
2733 176
1842 2718
803 2284
2508 2664
1011 2083
659 1266
839 2734
2729 1215
2442 931
1146 2501
1086 2130
1407 2298
1175 2357
404 1062
1382 1109
2102 1114
1284 2303
831 446
1586 1697
2475 1589
2139 2500
2220 1970
1226 1949
2550 668
1872 61
1527 330
549 1292
1620 1723
2641 1389
2150 1022
2497 2611
495 2140
1913 2684
1951 1857
1381 418
2812 519
1910 2031
1854 2502
345 2762
1528 1582
1815 1413
904 1729
2704 1890
2445 1710
278 960
1091 1134
2563 1585
273 2834
634 582
1691 373
999 495
2884 2275
1891 1103
135 2236
230 1028
817 1410
2440 714
139 1509
1969 1949
2211 1239
1901 301
2372 2823
244 1003
2656 2237
1584 339
2609 942
1206 1859
2582 2090
1320 2716
318 1550
2736 500
1952 1541
579 449
2042 1540
1390 618
2145 2657
2278 1516
2479 1887
878 493
116 1827
1205 2725
2768 1403
2942 708
1851 1261
1782 2541
1803 883
2034 121
2423 971
569 830
2511 1959
814 1655
2974 2084
1529 1445
336 1772
1303 2445
599 2507
1535 1725
2269 2835
1426 485
1095 207
2019 2898
1090 2411
18 2878
381 1945
2701 2257
903 2880
2270 876
1329 799
1686 657
2570 2355
2467 1527
220 367
2245 847
2194 36
1332 289
242 1709
1545 697
1119 2921
2568 865
1865 1634
2115 2134
1513 2743
1368 1200
541 1413
1856 1470
2760 2682
1355 2979
2041 599
826 1608
634 516
255 242
2224 1799
938 1701
1085 2498
1558 1942
497 38
441 368
2781 802
1567 1680
2214 1782
2142 1339
829 2863
2676 2235
461 2494
2835 461
2375 89
2695 591
246 632
2291 323
2496 215
1631 2358
252 1437
2726 2025
597 2651
2064 1803
798 571
2507 1626
433 1176
861 894
35 695
347 2410
2143 414
2366 1754
2404 1657
1443 258
1871 2439
1609 481
2868 2693
865 465
1709 2928
1633 2507
498 1140
125 931
1681 2344
1824 708
2032 1536
2483 540
308 1849
2293 2711
1864 735
1962 2093
2166 2936
2573 2407
2628 2430
1864 2695
1723 2862
1194 2221
367 685
151 1040
28 333
1114 1425
861 1955
1964 534
169 2616
2237 391
2716 564
2483 1248
2492 415
2647 478
2210 876
173 933
103 732
2146 2463
409 1662
1861 437
987 2340
220 2220
288 543
1746 2822
158 348
2206 1232
912 1054
1472 2396
1468 484
247 44
2718 1778
2335 2821
2509 846
642 2918
2507 2502
1713 493
201 1932
1071 2854
2474 1809
2675 990
1522 873
2222 1426
1293 59
188 1119
543 2427
155 260
570 2489
2073 78
334 2714
2995 1199
575 1073
50 775
1364 113
628 2196
1287 1661
186 2809
1900 1773
600 192
1831 787
1310 1366
2579 1465
2985 148
319 2057
226 2012
130 1579
210 70
1011 2253
844 1367
2365 2830
562 1025
1490 113
2192 389
878 2791
1939 2709
578 2242
2433 1515
72 2417
1029 2383
2833 2613
1394 1321
184 2963
1390 560
2215 592
1926 945
2787 1854
328 1276
959 2519
24 1203
1303 1962
2270 1246
569 1702
2760 2633
2478 2147
1382 1676
1759 1134
2996 1309
89 2744
1868 1669
2701 2153
973 2487
2999 1300
2121 323
2812 503
1525 480
824 2787
718 1392
855 2843
2384 2325
983 2758
366 2741
891 1720
2408 346
456 1276
1007 2522
2421 972
1001 1785
1638 2114
2107 442
1983 2625
287 2806
1777 1004
190 1624
846 2573
314 1194
1696 2672
2294 1580
757 1701
1291 578
1969 656
99 755
994 2458
1532 1624
938 2632
1431 2920
1622 1717
2725 1757
2086 2914
381 1290
1853 60
1477 548
2098 770
1493 1847
1463 1776
2425 2798
1425 882
1911 1784
340 443
407 1277
2440 1203
1196 427
2919 920
2183 2004
2192 922
293 1044
982 1135
585 2072
263 436
284 1092
1205 2708
889 1995
590 2799
144 2922
2607 550
564 1039
111 752
831 29
664 2007
391 2221
2928 2042
2258 909
1536 2208
2346 1798
1636 2630
2889 2206
696 2136
1573 278
1935 709
2565 2900
624 2494
305 2727
245 128
2121 274
1500 870
2495 1428
2912 1118
695 1447
325 1400
244 953
22 1492
532 717
627 1097
361 920
1172 2291
820 788
1785 117
2881 1395
2610 994
1669 1110
1864 529
896 134
639 1590
946 2956
2989 2548
1281 2376
1039 171
2086 659
2627 1812
1578 2791
468 1390
2944 2252
872 1817
2006 2475
1170 674
2950 2399
2561 845
2532 2192
793 1836
2520 2141
1383 2159
1516 1415
689 2967
2073 315
1778 16
2098 2246
772 1407
2856 1009
1583 1861
2849 2752
893 2798
1143 1812
2635 40
1003 1787
1875 2888
927 2250
406 2442
1037 87
1402 2475
2767 1538
2491 1230
149 2628
1629 1364
2629 1570
224 2478
1321 483
634 1829
2294 2262
227 2663
414 1467
909 1340
83 2673
2774 112
2125 541
1580 1891
2079 436
2113 586
1422 108
1949 1050
1677 1166
2893 1357
1014 2520
185 2300
2154 2778
321 1560
237 223
2899 319
2895 2038
2797 2020
1572 742
910 2009
2536 1382
1587 2950
1489 2902
365 1524
433 2251
2880 439
1136 1424
2104 2282
194 1418
207 2796
1006 105
1474 900
