100 3
35 30
53 70
27 15
45 43
92 99
94 41
57 82
55 60
33 47
88 39
59 2
47 83
7 61
33 60
30 49
34 46
62 36
77 63
56 76
25 64
49 65
35 81
16 24
4 22
87 30
31 35
74 53
96 43
23 57
7 27
28 43
71 59
40 35
72 42
99 3
17 5
48 99
29 42
34 87
50 89
62 77
72 100
50 84
30 93
44 77
60 35
95 8
19 47
52 22
22 84
75 47
12 58
57 31
21 89
86 34
41 7
6 10
25 34
84 77
59 4
59 54
93 80
41 17
12 83
39 51
90 43
46 14
98 10
82 37
60 66
13 56
35 3
11 47
67 2
33 32
42 4
80 6
37 90
85 59
9 87
26 66
68 93
73 69
33 18
15 84
72 70
37 95
24 91
35 50
30 79
38 37
24 42
88 69
1 34
69 76
55 78
31 97
77 20
34 39
98 25
32 15
18 83
95 78
65 51
81 62
28 80
62 74
97 1
89 47
1 72
87 29
69 62
14 39
42 41
14 84
90 34
63 2
16 76
19 8
86 67
57 93
47 41
46 13
87 18
4 93
41 9
1 37
94 58
43 96
4 71
59 80
64 41
95 87
11 62
40 43
25 23
18 92
5 100
76 3
100 2
92 21
41 11
14 58
14 75
88 78
30 52
27 7
35 20
19 24
73 71
48 56
13 85
61 34
44 77
56 6
93 76
21 31
26 58
2 91
56 11
8 25
10 24
84 82
25 100
59 58
68 43
57 99
60 94
44 73
79 54
58 71
49 38
12 1
15 14
59 22
41 27
92 2
70 1
58 5
74 33
2 43
4 90
54 8
66 43
13 17
41 71
41 50
25 1
45 58
59 36
65 95
41 38
86 12
1 35
53 44
30 76
45 46
55 75
14 33
51 31
66 38
31 64
31 24
42 77
15 94
76 89
21 63
80 100
53 98
96 37
5 74
67 36
48 95
78 89
81 60
73 72
75 6
98 15
19 4
74 66
60 23
11 17
54 47
19 67
53 61
34 13
6 55
69 8
6 56
29 3
59 89
81 92
69 2
26 19
15 32
58 97
1 12
79 98
58 82
90 5
43 35
22 78
61 47
84 23
47 21
47 92
60 6
7 2
37 68
85 44
17 75
23 14
67 64
68 10
18 88
47 45
71 37
50 12
37 2
82 92
30 49
43 68
27 89
81 31
9 55
49 47
47 89
91 99
87 70
36 28
31 100
69 82
62 13
86 9
41 25
25 2
52 9
40 23
25 83
13 60
93 33
88 81
92 48
89 65
54 99
24 3
6 46
70 2
31 16
60 66
8 73
42 45
78 20
12 2
57 48
75 85
78 39
