10099
10098
10097
10096
10127
10094
10125
10092
10091
10090
10178
10177
10087
10086
10085
10084
10115
10082
10170
10080
10079
10078
10077
10076
10075
10074
10105
10072
10071
10070
10069
10320
10067
10066
10161
10064
10063
10062
10061
10060
10091
10058
10124
10056
10055
10054
10053
10052
10051
10050
10049
10048
10047
10046
10045
10044
10043
10131
10041
10040
10071
10038
10037
10036
10035
10034
10410
10099
10031
10030
10029
10028
10027
10026
10114
10024
10023
10022
10021
10020
10019
10018
10173
10016
10015
10014
10080
10012
10269
10010
10009
10008
10007
10038
10005
10106
10003
10002
10001
10000
