5
2000
2 72
3 1108
1646 4
425 5
6 1506
642 7
8 226
876 9
10 1608
11 1742
12 1249
13 902
14 515
1202 15
546 16
1953 17
18 866
1200 19
20 1218
1716 21
108 22
1405 23
24 1968
388 25
1009 26
27 498
28 391
29 708
625 30
31 1778
32 526
112 33
1820 34
317 35
36 491
1046 37
43 38
1780 39
1950 40
1568 41
1376 42
43 438
44 587
45 1360
1921 46
662 47
1617 48
194 49
1262 50
417 51
52 1309
739 53
1383 54
55 1898
56 25
1543 57
1674 58
59 773
1189 60
145 61
1075 62
63 334
64 1286
969 65
66 1765
1887 67
84 68
983 69
70 590
854 71
756 72
1598 73
74 1310
1889 75
76 1604
322 77
78 63
79 1
80 1712
81 545
1872 82
83 882
84 959
85 586
1284 86
194 87
929 88
89 1037
90 994
91 450
434 92
1024 93
1364 94
682 95
65 96
97 291
162 98
99 1569
100 130
101 1940
102 634
911 103
1659 104
105 1932
106 348
1726 107
1887 108
109 1992
1704 110
452 111
112 63
1821 113
918 114
115 1370
794 116
117 1168
118 37
119 1280
1880 120
1798 121
122 1299
123 1157
1645 124
1939 125
126 205
127 1070
128 443
129 587
130 330
131 830
132 240
488 133
134 239
135 1889
553 136
137 1924
138 645
1147 139
981 140
141 694
142 78
143 335
888 144
181 145
1708 146
1327 147
1837 148
1722 149
150 445
151 954
152 125
153 286
154 134
155 883
342 156
157 42
158 328
449 159
1754 160
973 161
162 522
163 172
164 1848
1198 165
888 166
1185 167
168 1097
1208 169
170 1786
1674 171
172 641
1441 173
174 236
1294 175
176 740
177 1196
1652 178
179 453
180 1956
941 181
182 711
290 183
184 695
1374 185
186 1642
1291 187
188 1960
189 1621
1254 190
1606 191
343 192
792 193
782 194
195 506
1384 196
197 391
198 858
199 893
200 216
826 201
202 1773
203 1239
1502 204
499 205
1755 206
67 207
208 1464
209 1061
1875 210
211 77
212 275
213 1147
874 214
215 1754
804 216
217 1744
218 631
177 219
220 813
935 221
1406 222
1685 223
224 957
225 1202
235 226
1248 227
1121 228
229 610
883 230
231 1833
232 1375
196 233
731 234
1531 235
1291 236
916 237
1992 238
964 239
550 240
247 241
978 242
1253 243
244 1446
1449 245
1453 246
247 1772
248 854
249 1967
1342 250
670 251
252 483
253 251
1065 254
255 1487
1942 256
359 257
1563 258
259 1862
260 960
261 783
1451 262
263 560
264 692
265 1666
266 1820
1606 267
1438 268
269 1755
270 820
271 1386
1328 272
1403 273
274 1047
275 1806
276 571
799 277
278 520
279 1584
158 280
1676 281
282 1405
283 1139
284 1885
384 285
1344 286
287 106
288 1612
336 289
322 290
291 1993
292 1324
293 208
294 1239
607 295
296 938
297 927
1078 298
647 299
300 1413
301 1249
302 1031
1982 303
107 304
892 305
306 983
943 307
308 19
1000 309
310 11
722 311
1149 312
313 211
1230 314
1473 315
316 1423
1166 317
318 14
1233 319
320 774
1071 321
322 490
323 448
324 367
989 325
1150 326
1841 327
1460 328
1419 329
539 330
331 781
1960 332
917 333
237 334
335 1147
1101 336
337 495
338 1677
339 527
340 1885
1833 341
1766 342
1868 343
349 344
846 345
346 449
347 1669
348 586
791 349
350 1766
351 266
1069 352
353 10
354 1760
355 119
356 1181
357 1156
358 1056
212 359
1656 360
1660 361
627 362
1275 363
364 687
365 1202
366 1271
367 1767
1900 368
803 369
370 543
371 1975
374 372
344 373
374 1344
1799 375
376 74
1779 377
1883 378
379 945
374 380
1669 381
382 1523
1055 383
1530 384
848 385
386 956
387 118
388 389
389 590
390 587
391 29
392 492
1775 393
394 1679
1878 395
26 396
397 1438
642 398
413 399
400 949
341 401
1254 402
403 1342
313 404
405 746
1852 406
407 1999
1433 408
1256 409
410 1558
411 1812
412 1544
413 284
473 414
415 1726
416 10
417 1402
774 418
419 1327
780 420
1558 421
422 498
1350 423
424 1057
425 1683
991 426
427 680
393 428
429 692
255 430
431 1499
432 178
433 132
310 434
435 985
436 1126
437 32
438 1101
439 1050
1125 440
109 441
442 673
443 1423
593 444
445 1676
446 1196
458 447
448 541
449 1997
450 525
451 1455
1680 452
453 896
839 454
455 1017
1381 456
457 75
458 1804
459 1740
460 1621
1952 461
462 1744
463 118
464 994
465 62
466 1766
1275 467
1781 468
1724 469
470 482
1114 471
472 833
473 761
474 243
475 1625
476 269
477 1284
896 478
1497 479
319 480
481 732
852 482
483 890
1806 484
1716 485
1422 486
487 818
1465 488
489 1193
867 490
489 491
1975 492
493 1033
494 1035
335 495
1253 496
333 497
1875 498
499 1988
452 500
501 482
502 325
503 520
1300 504
82 505
1353 506
527 507
508 1150
509 1442
510 420
511 1368
512 557
1853 513
712 514
845 515
516 631
517 670
877 518
519 49
520 12
521 725
522 838
523 1278
1750 524
985 525
1142 526
527 1164
809 528
529 1674
530 858
531 1087
736 532
958 533
534 1391
1331 535
536 1741
537 299
1135 538
200 539
540 790
541 1703
2 542
938 543
544 887
545 1438
546 892
1856 547
896 548
549 692
711 550
719 551
552 356
1788 553
554 236
949 555
556 1599
557 104
558 1200
559 153
560 770
561 1658
562 1146
1239 563
561 564
382 565
566 1677
1631 567
1543 568
569 1363
999 570
926 571
572 45
486 573
781 574
575 1910
576 1389
1053 577
1178 578
579 1691
580 581
581 3
1069 582
583 321
584 531
390 585
1116 586
587 866
588 491
1804 589
590 143
1435 591
592 1992
626 593
877 594
233 595
596 109
597 1858
1132 598
599 444
600 1272
649 601
602 702
935 603
1902 604
605 91
606 1624
993 607
1273 608
284 609
610 586
611 548
612 1778
1744 613
614 1891
436 615
820 616
378 617
618 1181
619 130
620 1902
621 1942
240 622
343 623
150 624
625 938
626 1208
603 627
1320 628
629 548
630 660
631 251
632 666
633 1313
1163 634
635 1735
636 1424
805 637
638 1374
639 145
1267 640
641 376
771 642
643 1320
644 798
645 1942
646 393
647 1775
112 648
1187 649
650 852
1198 651
652 1243
1370 653
790 654
655 707
1075 656
1160 657
1781 658
659 6
660 711
852 661
1838 662
663 371
664 80
311 665
666 340
195 667
1032 668
588 669
670 634
671 1600
672 244
599 673
248 674
1062 675
1874 676
677 1606
1406 678
593 679
861 680
681 1075
682 185
683 1607
684 1264
1605 685
466 686
1582 687
688 791
1419 689
690 395
691 776
999 692
693 316
694 655
695 1031
696 1033
249 697
1114 698
699 695
700 1524
314 701
1244 702
703 349
704 1690
705 123
706 791
707 245
125 708
709 1581
710 572
399 711
1164 712
60 713
440 714
715 894
18 716
717 1469
733 718
719 341
1581 720
1992 721
1508 722
158 723
724 1888
1607 725
726 1155
727 1970
1161 728
1344 729
730 79
731 1219
622 732
509 733
581 734
735 164
736 77
286 737
658 738
739 1720
648 740
741 703
742 1
743 1642
1199 744
1898 745
746 561
747 1595
389 748
749 1996
440 750
1943 751
752 144
1932 753
1875 754
1331 755
756 1486
757 1058
1493 758
570 759
1990 760
1452 761
762 1217
763 1320
1219 764
1004 765
766 1476
767 732
768 1362
1535 769
1656 770
771 938
772 1753
773 986
1849 774
1174 775
776 110
1958 777
778 1656
779 895
384 780
781 1045
1380 782
783 286
784 1726
785 88
786 1541
787 766
796 788
178 789
1253 790
791 609
1240 792
257 793
1847 794
795 550
2 796
797 1593
798 593
799 1576
1024 800
801 75
279 802
803 1824
669 804
1046 805
806 1163
1690 807
808 863
1334 809
810 1975
1895 811
812 1749
813 1624
814 949
1608 815
816 1625
123 817
818 1994
1212 819
1430 820
821 1527
822 961
441 823
216 824
825 1992
826 1954
827 1093
9 828
829 691
830 1970
1916 831
832 1690
833 1642
834 1159
835 411
293 836
837 955
236 838
1227 839
1601 840
1286 841
842 785
599 843
844 443
845 904
846 1227
807 847
1900 848
820 849
850 1195
851 546
1232 852
853 228
1382 854
1289 855
1393 856
857 1384
1940 858
859 514
860 1304
861 1387
1517 862
863 1882
864 713
865 973
866 1849
867 1063
1179 868
869 1360
870 525
1255 871
311 872
73 873
1357 874
1399 875
876 890
1425 877
878 1895
879 454
880 821
881 462
882 166
1003 883
1573 884
822 885
284 886
758 887
1623 888
1698 889
1757 890
891 60
1310 892
1550 893
1448 894
895 1561
951 896
630 897
898 1648
443 899
1997 900
475 901
902 1956
903 1829
628 904
1850 905
39 906
1751 907
1358 908
909 1229
783 910
911 1542
1219 912
1809 913
369 914
1876 915
314 916
917 1087
1958 918
1270 919
920 1156
921 741
1949 922
1828 923
924 241
1486 925
926 749
866 927
1985 928
458 929
930 1942
931 413
880 932
678 933
1893 934
1260 935
936 1610
937 1169
938 269
939 166
745 940
303 941
274 942
943 1130
1895 944
945 892
1333 946
804 947
948 721
949 1634
950 322
951 1163
952 1254
953 1567
954 800
955 1174
203 956
957 470
798 958
402 959
1126 960
1277 961
962 524
1711 963
964 723
1156 965
966 1197
967 317
19 968
505 969
354 970
971 1404
1780 972
973 1179
974 822
989 975
976 984
1452 977
978 917
979 1032
330 980
981 1564
982 1200
983 1752
984 1330
985 239
1230 986
1249 987
1934 988
989 1531
990 1712
991 1478
1368 992
993 1045
994 1568
995 549
996 1867
997 861
859 998
1720 999
1032 1000
1001 1554
1002 619
1119 1003
1004 555
1005 1867
245 1006
1942 1007
1008 784
1009 949
1129 1010
332 1011
1838 1012
1013 726
1827 1014
1015 171
1016 1760
543 1017
1018 1719
1019 258
258 1020
1021 1482
1022 1247
1204 1023
1024 626
1849 1025
931 1026
1027 1352
1028 1059
1029 355
1030 632
1031 1675
1032 105
1400 1033
1034 1131
1035 1136
1036 458
1993 1037
158 1038
1039 1761
1040 1674
1041 839
20 1042
335 1043
1044 1192
1045 398
1046 608
1047 161
770 1048
976 1049
1071 1050
456 1051
1052 1099
1221 1053
1572 1054
455 1055
1056 1732
1981 1057
1082 1058
1059 108
1426 1060
1618 1061
291 1062
1420 1063
1884 1064
1065 691
443 1066
1067 138
424 1068
457 1069
1070 75
1614 1071
1489 1072
1073 1114
1074 1972
1405 1075
1076 98
624 1077
162 1078
655 1079
1995 1080
245 1081
31 1082
1083 1620
1084 844
1933 1085
1086 1545
1137 1087
62 1088
279 1089
1090 581
512 1091
1092 1878
3 1093
1903 1094
599 1095
1096 1762
1767 1097
108 1098
1099 893
1100 701
1101 280
1007 1102
1103 1538
1104 1573
1105 262
1106 458
1625 1107
1711 1108
1105 1109
1509 1110
1111 1790
1952 1112
112 1113
868 1114
1115 1802
1017 1116
1117 1549
1118 602
1391 1119
1120 1481
1304 1121
805 1122
1638 1123
1326 1124
1423 1125
1709 1126
1123 1127
737 1128
355 1129
1130 682
1131 1726
1132 1154
1133 1260
1829 1134
845 1135
1136 969
1137 104
1138 1288
1139 425
1140 935
1141 68
772 1142
182 1143
344 1144
1563 1145
1908 1146
1147 1819
1061 1148
1760 1149
1150 1662
1807 1151
1441 1152
1153 932
619 1154
1155 669
865 1156
1047 1157
1158 1196
321 1159
1865 1160
1161 424
1162 436
706 1163
1164 942
1165 1990
1166 1666
907 1167
994 1168
1169 1861
650 1170
39 1171
1200 1172
1004 1173
1174 1349
1461 1175
31 1176
1177 966
1980 1178
1179 1711
1180 1248
1972 1181
1229 1182
168 1183
1776 1184
1861 1185
1060 1186
1563 1187
1188 911
109 1189
1190 655
1191 1862
877 1192
1193 1200
1194 301
1195 1984
1196 1710
1125 1197
1198 100
80 1199
1200 1016
1201 1029
666 1202
1203 1812
11 1204
1327 1205
1206 1889
1207 1081
1208 1766
1209 202
1810 1210
988 1211
1212 790
75 1213
1214 1540
1735 1215
1216 1032
1217 1470
1218 866
1223 1219
1220 33
1657 1221
1754 1222
558 1223
1611 1224
1225 157
1226 289
1227 823
1228 357
1063 1229
1898 1230
1659 1231
1232 1302
1233 1803
838 1234
1235 561
1236 1943
1302 1237
1238 1337
1239 1157
1313 1240
1959 1241
1817 1242
1243 879
376 1244
1245 995
1799 1246
1502 1247
1248 781
1844 1249
1695 1250
1307 1251
1252 1828
1253 318
251 1254
1255 335
1256 1269
704 1257
1777 1258
1259 428
1260 784
1103 1261
1114 1262
1263 805
650 1264
1757 1265
165 1266
1267 387
1268 966
1269 315
1270 836
42 1271
748 1272
1273 443
434 1274
1935 1275
1276 578
1277 862
1278 1165
1279 1542
290 1280
1666 1281
1282 524
383 1283
1284 1856
949 1285
1154 1286
1287 895
1315 1288
871 1289
1290 1881
334 1291
1292 877
805 1293
1294 1643
1295 631
1296 478
904 1297
1298 695
1299 512
1300 669
1301 1708
1302 1194
792 1303
656 1304
1305 807
1889 1306
277 1307
409 1308
1309 62
190 1310
1311 268
1312 103
1313 1976
1314 417
1315 1084
1016 1316
1416 1317
1318 1679
931 1319
475 1320
1321 1281
1415 1322
1323 870
1324 1043
1789 1325
1408 1326
1327 954
898 1328
1329 426
1330 1299
1331 1540
1332 512
970 1333
813 1334
1335 186
1067 1336
1203 1337
58 1338
1732 1339
1340 1339
1341 107
502 1342
1343 809
1344 1807
713 1345
1996 1346
1631 1347
1348 1856
1349 1316
1350 1698
1351 1629
1352 221
1353 962
1412 1354
1917 1355
468 1356
433 1357
1358 411
1359 90
343 1360
458 1361
1079 1362
1057 1363
1364 1550
689 1365
1366 711
1367 497
1973 1368
1702 1369
1370 1121
1371 1104
1453 1372
1373 1385
1324 1374
1892 1375
1081 1376
497 1377
1378 1812
1969 1379
1380 1406
1886 1381
1730 1382
1383 11
1384 371
1824 1385
1745 1386
1139 1387
1388 579
875 1389
972 1390
1391 421
1392 499
1393 1705
918 1394
1395 375
1396 1162
746 1397
1398 174
1399 912
1400 336
1527 1401
1402 298
755 1403
1404 931
1405 206
1406 55
1930 1407
1883 1408
1465 1409
1410 489
1411 1625
1412 1210
897 1413
1848 1414
1415 776
1081 1416
1417 911
1418 43
1110 1419
965 1420
1336 1421
1205 1422
1423 641
422 1424
1425 325
1426 381
1957 1427
595 1428
1429 1210
1430 1038
958 1431
1432 1235
1177 1433
1812 1434
661 1435
399 1436
1979 1437
1513 1438
650 1439
1440 750
1936 1441
1730 1442
1877 1443
828 1444
1445 1388
1900 1446
470 1447
1448 1214
1449 944
1006 1450
1451 1384
1452 1139
1453 467
862 1454
1455 1805
1456 1381
1457 877
1458 1889
1459 808
79 1460
1461 982
1462 1779
1031 1463
1568 1464
1457 1465
960 1466
1467 68
106 1468
1469 1488
1470 75
1455 1471
1472 620
1481 1473
1474 1923
1475 1492
1476 1568
823 1477
1690 1478
1201 1479
1480 1193
1692 1481
206 1482
1227 1483
717 1484
1485 132
1486 853
1487 1755
653 1488
1489 596
803 1490
1012 1491
577 1492
1493 57
651 1494
1790 1495
451 1496
1497 1981
1886 1498
258 1499
1500 462
1554 1501
999 1502
1503 1699
1853 1504
1870 1505
377 1506
934 1507
1508 1885
1509 823
393 1510
1511 400
1512 157
1513 1760
1514 953
1515 1399
1516 293
807 1517
1518 1671
1114 1519
1520 1192
1205 1521
722 1522
1523 1626
1065 1524
1525 1400
1983 1526
1527 1508
1528 923
1529 1991
1602 1530
1531 1691
1067 1532
1533 817
1534 325
1535 729
1536 1619
1537 375
1058 1538
1539 759
1540 772
864 1541
1542 239
441 1543
880 1544
1545 1745
1546 1930
980 1547
1548 32
928 1549
811 1550
1551 926
1552 1648
1553 978
1554 1142
1916 1555
1556 181
1557 635
1676 1558
1559 818
286 1560
1561 860
1596 1562
1563 281
1564 779
1981 1565
1566 1003
528 1567
1568 505
1569 1399
225 1570
1571 1207
1063 1572
217 1573
1294 1574
1575 953
1576 1912
79 1577
1578 1233
1750 1579
1580 253
1581 506
1582 1047
1583 563
1584 1471
1585 1638
1586 638
110 1587
1588 1092
79 1589
1406 1590
1591 1627
1592 30
1092 1593
193 1594
80 1595
1647 1596
1597 994
1598 699
1599 55
693 1600
1420 1601
1602 1788
430 1603
1604 321
1798 1605
1606 1425
544 1607
1608 1773
1164 1609
809 1610
1611 408
483 1612
1861 1613
879 1614
1615 772
1616 917
1617 642
1618 1938
1619 277
416 1620
1621 433
248 1622
1623 1148
1449 1624
1625 744
1626 1260
1361 1627
1628 937
1982 1629
212 1630
1631 186
1632 1450
1633 970
1634 1051
1635 1313
881 1636
1637 1782
1638 122
929 1639
1106 1640
1641 381
1642 135
1643 987
1644 362
1645 939
1542 1646
1533 1647
1247 1648
1649 111
1650 714
797 1651
1652 1400
1308 1653
1654 803
51 1655
1656 688
1657 1315
1215 1658
1659 206
1660 1788
1661 1966
1140 1662
1663 196
1664 1515
1665 1487
999 1666
1667 1860
1668 1423
1669 1674
1647 1670
1682 1671
309 1672
1742 1673
1299 1674
1675 1019
1352 1676
1965 1677
1616 1678
1679 543
65 1680
1681 188
1682 1735
666 1683
54 1684
1685 300
206 1686
43 1687
1127 1688
1070 1689
1690 107
1196 1691
1157 1692
1081 1693
1694 1754
607 1695
144 1696
1697 653
1698 1327
1699 1310
1700 289
1701 137
1702 1431
1703 711
1704 1148
828 1705
1817 1706
1707 1171
1708 1680
1831 1709
1690 1710
159 1711
957 1712
707 1713
1714 1662
1715 957
1716 786
1717 1112
1718 571
1719 1586
971 1720
1721 843
370 1722
1403 1723
1724 1139
1725 1465
1038 1726
1727 1831
775 1728
1952 1729
1730 1146
1731 848
1732 344
1733 1153
1734 1841
1735 515
701 1736
19 1737
1860 1738
397 1739
1740 422
454 1741
264 1742
1743 746
833 1744
1579 1745
1746 477
1747 463
1026 1748
1749 347
1750 1152
1751 296
1752 782
561 1753
1754 607
1755 1202
1756 306
1967 1757
625 1758
1225 1759
1760 1239
1435 1761
1762 1535
1446 1763
345 1764
1359 1765
1766 528
1254 1767
1768 1714
1513 1769
275 1770
1771 1832
1772 411
700 1773
1774 214
1775 1058
1776 1942
1777 1829
1116 1778
1656 1779
347 1780
1781 668
1782 717
1783 832
387 1784
164 1785
1786 43
1787 1213
1788 1136
1114 1789
1494 1790
1791 1809
1255 1792
1793 125
1794 1948
1795 41
1098 1796
1356 1797
1798 1654
1799 1886
1720 1800
1801 537
283 1802
1803 1445
1804 1157
1337 1805
1806 668
1064 1807
1754 1808
1456 1809
1720 1810
1811 548
335 1812
1862 1813
313 1814
577 1815
1816 1090
1618 1817
17 1818
681 1819
433 1820
624 1821
1822 1613
1823 870
1824 1540
1825 1980
447 1826
1827 876
488 1828
988 1829
1830 93
930 1831
1832 1829
1833 217
1834 1641
935 1835
1836 209
1837 1968
722 1838
46 1839
1840 430
1841 1415
1731 1842
1843 1262
1844 745
1845 174
1467 1846
1847 156
1848 1896
342 1849
1850 1347
1832 1851
1852 704
717 1853
1854 27
376 1855
1856 879
1857 1074
1909 1858
1859 339
1860 292
883 1861
1862 1226
622 1863
1864 1230
1865 82
1416 1866
843 1867
256 1868
1869 1817
102 1870
1871 712
964 1872
1873 195
1874 1836
1875 393
168 1876
1008 1877
190 1878
73 1879
1880 606
1078 1881
1882 135
1883 240
1884 1835
721 1885
1886 747
1887 1047
1888 1761
1889 399
1890 920
1891 1144
1148 1892
1884 1893
809 1894
1895 724
269 1896
1897 1642
1898 1034
1899 1510
1066 1900
1901 1720
1902 680
1903 687
1904 5
1689 1905
1906 665
790 1907
1908 495
641 1909
457 1910
1911 659
1217 1912
509 1913
215 1914
1915 1031
1680 1916
1917 1269
364 1918
1919 595
1920 1468
1921 1844
1922 948
527 1923
1246 1924
1925 1971
1926 1438
1395 1927
1928 606
1929 1692
1838 1930
1931 1471
1932 1887
768 1933
251 1934
1589 1935
1807 1936
995 1937
132 1938
1939 258
1940 990
1394 1941
249 1942
1226 1943
1944 405
728 1945
1807 1946
1947 978
1948 1393
1949 19
975 1950
1951 400
967 1952
1953 1039
1954 778
1955 1950
602 1956
1957 835
1560 1958
1959 631
10 1960
969 1961
983 1962
1963 10
458 1964
1965 1352
1966 774
370 1967
1968 607
1424 1969
1116 1970
1689 1971
1972 687
1885 1973
1974 1674
1656 1975
1268 1976
1977 30
76 1978
1979 472
1980 366
1847 1981
1982 1057
773 1983
1984 1725
1320 1985
77 1986
1987 244
734 1988
1989 764
1939 1990
1991 307
1992 1766
1993 370
1994 159
832 1995
1996 1526
1997 879
1998 1205
1513 1999
2000 331
2000
2 334
3 1499
138 4
959 5
1847 6
292 7
8 1066
582 9
10 1888
11 515
336 12
1097 13
1227 14
15 3
16 69
17 127
1820 18
19 1031
667 20
21 464
22 1315
6 23
24 126
25 621
26 86
27 906
635 28
29 194
1737 30
31 722
32 1047
1888 33
203 34
35 1049
756 36
12 37
38 944
443 39
171 40
41 1203
42 535
43 125
802 44
401 45
46 898
47 1592
1625 48
49 362
1106 50
51 1353
1471 52
515 53
54 116
1776 55
655 56
962 57
1877 58
1014 59
1475 60
61 621
564 62
63 1677
64 1946
478 65
66 1617
378 67
68 1831
69 1283
1236 70
1651 71
1754 72
73 786
74 1039
75 17
235 76
1814 77
78 755
1073 79
1221 80
81 1232
82 1423
83 921
84 800
363 85
126 86
591 87
88 815
89 1634
90 1448
91 1829
92 353
236 93
94 1086
95 1504
96 696
1998 97
98 113
739 99
100 459
835 101
630 102
1921 103
104 192
105 523
106 400
107 701
108 1842
109 1578
110 678
111 1306
1190 112
1857 113
114 1932
115 444
116 404
117 1708
1483 118
1448 119
1157 120
1566 121
122 1537
123 761
124 520
125 1173
449 126
393 127
638 128
100 129
399 130
131 1635
58 132
795 133
134 181
135 1608
136 1304
137 296
1579 138
784 139
1227 140
1243 141
1999 142
143 597
144 275
1754 145
146 491
147 592
148 787
149 870
1061 150
151 790
152 882
153 327
154 629
708 155
156 1592
1539 157
1959 158
1971 159
160 359
161 266
162 1168
163 1649
164 896
165 1583
166 1039
166 167
1645 168
160 169
599 170
171 469
690 172
173 781
174 738
974 175
1770 176
1971 177
926 178
111 179
180 433
181 1868
182 1747
183 940
502 184
185 1669
1079 186
837 187
692 188
189 907
50 190
1956 191
192 971
193 864
371 194
195 148
1245 196
197 1320
198 282
199 520
200 338
1165 201
1653 202
203 1893
204 1174
1921 205
206 1991
207 1946
208 1369
209 1816
210 61
211 1725
212 56
213 423
214 480
1308 215
216 1528
1980 217
218 89
886 219
1098 220
221 90
222 1286
1441 223
1728 224
792 225
226 1242
1814 227
1289 228
229 214
230 1726
231 1044
232 1533
1318 233
1326 234
235 1097
236 338
1678 237
600 238
239 1262
240 368
1382 241
242 1659
243 625
244 558
245 1057
246 1417
247 1573
1228 248
1488 249
250 1924
939 251
758 252
253 1242
254 1736
1252 255
256 1971
257 1519
569 258
259 1144
260 1236
752 261
1825 262
1037 263
835 264
265 893
266 1143
267 441
268 394
1770 269
799 270
271 875
272 451
273 1593
274 1051
275 585
276 454
277 193
278 1669
279 345
1186 280
281 1636
14 282
1321 283
284 1602
285 417
1632 286
287 1039
1404 288
289 896
290 1744
1537 291
292 1753
533 293
905 294
1101 295
564 296
297 1621
741 298
299 1174
190 300
301 401
1056 302
371 303
1820 304
305 1662
306 1797
616 307
1846 308
611 309
310 1934
1004 311
238 312
313 439
314 791
315 1856
316 1504
223 317
1174 318
319 1850
1289 320
1203 321
322 1466
323 723
324 222
637 325
1795 326
539 327
328 1254
1664 329
329 330
1849 331
332 789
333 1802
334 1193
819 335
1422 336
337 344
338 413
1755 339
340 660
1952 341
342 538
715 343
344 1296
463 345
1668 346
486 347
219 348
1067 349
1234 350
351 1834
1629 352
353 514
1017 354
355 1392
356 1312
357 258
709 358
359 1583
360 1317
1459 361
362 1317
1223 363
364 927
365 1214
366 580
367 1875
368 1827
369 940
370 1656
371 1744
131 372
373 439
374 706
375 395
1888 376
377 1347
378 572
1593 379
1306 380
381 1974
382 1451
731 383
1946 384
385 10
1504 386
387 1291
1084 388
2 389
1401 390
424 391
940 392
1368 393
203 394
395 638
396 1852
397 52
398 146
399 1475
1605 400
1414 401
402 18
403 803
404 20
405 1343
1003 406
1916 407
408 255
409 1825
1371 410
411 416
612 412
413 298
414 1043
415 198
1401 416
1562 417
696 418
418 419
420 1376
421 1773
1386 422
566 423
872 424
381 425
744 426
427 713
428 1195
1536 429
430 1834
1017 431
432 1341
239 433
1090 434
1616 435
436 971
437 78
438 1389
1463 439
761 440
1673 441
442 1442
443 424
444 396
445 853
446 272
447 800
9 448
1020 449
450 1051
451 1219
1460 452
1522 453
454 1760
584 455
456 1694
884 457
110 458
459 1690
1668 460
1315 461
462 445
463 1047
305 464
465 331
223 466
1081 467
1699 468
668 469
1852 470
471 1782
472 612
473 38
932 474
475 1339
476 1524
477 1944
578 478
492 479
820 480
481 1006
482 1736
1841 483
484 1311
41 485
1799 486
487 25
1661 488
1500 489
490 1250
491 97
492 1756
1789 493
494 1946
178 495
496 1931
258 497
207 498
202 499
500 519
501 1147
502 117
503 161
504 1393
1699 505
265 506
1215 507
508 1488
1959 509
510 110
338 511
714 512
513 1184
514 1993
539 515
516 1962
1642 517
1532 518
1976 519
1499 520
1228 521
1503 522
1911 523
880 524
525 151
679 526
527 328
1106 528
529 1429
580 530
531 1126
1462 532
357 533
276 534
535 157
536 1620
537 716
1894 538
1624 539
1020 540
541 1030
542 1283
1905 543
1738 544
545 1341
546 858
547 1768
548 1932
549 696
550 494
341 551
480 552
1228 553
554 328
1801 555
556 1127
557 919
1088 558
354 559
1523 560
261 561
562 1953
1065 563
564 1286
565 1390
566 103
851 567
568 1469
569 1306
249 570
1190 571
1957 572
496 573
884 574
580 575
576 559
577 362
557 578
579 1253
580 404
800 581
582 1143
1395 583
1071 584
585 691
883 586
418 587
267 588
1089 589
1570 590
591 608
592 875
1950 593
1622 594
1995 595
1387 596
1355 597
598 458
1505 599
1872 600
601 1240
602 719
603 774
1394 604
605 514
265 606
607 540
608 789
891 609
610 375
611 935
612 779
117 613
689 614
68 615
929 616
936 617
268 618
494 619
1947 620
1822 621
622 275
1351 623
1213 624
716 625
626 1483
931 627
628 949
629 1495
630 1166
102 631
632 1085
225 633
1074 634
1494 635
1718 636
637 210
638 1564
639 1784
640 709
744 641
1797 642
582 643
570 644
645 1657
1518 646
647 1530
648 1994
649 1727
650 1731
651 631
652 190
1625 653
743 654
655 1384
4 656
804 657
1365 658
659 127
737 660
127 661
662 1219
1421 663
664 1433
665 1750
666 1823
754 667
1260 668
669 1623
1033 670
671 1803
511 672
673 250
674 1081
675 831
676 1920
677 1696
678 686
556 679
1314 680
1721 681
263 682
683 122
1893 684
1278 685
1998 686
773 687
1543 688
525 689
690 144
1295 691
692 1395
875 693
694 759
412 695
667 696
697 53
352 698
699 1362
700 402
599 701
453 702
703 1675
430 704
705 323
706 490
707 1303
708 313
800 709
710 789
711 1019
712 1298
678 713
1909 714
867 715
716 542
969 717
1524 718
510 719
273 720
780 721
1655 722
723 1453
724 1627
1749 725
804 726
727 1190
728 1138
729 279
1012 730
731 373
732 63
733 505
734 882
735 1078
736 415
478 737
738 1144
320 739
740 1745
1526 741
742 1358
873 743
744 821
1196 745
1686 746
747 767
748 1295
854 749
750 1263
751 1037
752 1852
1263 753
357 754
755 222
756 816
1395 757
758 194
759 1479
760 1917
1237 761
762 1907
763 862
764 127
893 765
755 766
767 364
768 1239
769 1040
770 105
771 666
772 1403
773 967
861 774
297 775
142 776
902 777
778 1280
779 1682
780 965
781 507
782 912
783 803
784 876
785 1850
786 920
1634 787
788 352
399 789
1243 790
294 791
792 1184
599 793
794 1435
485 795
796 1215
797 45
1024 798
1917 799
800 1443
801 1098
802 1578
1285 803
214 804
319 805
806 1109
807 583
808 217
620 809
88 810
1668 811
812 550
1004 813
1421 814
815 699
816 62
1009 817
818 886
819 1066
820 390
1627 821
1359 822
823 1099
824 347
725 825
1253 826
827 1712
828 703
1292 829
14 830
831 190
1602 832
833 1499
834 1619
835 1487
836 1781
748 837
838 1009
639 839
840 292
884 841
842 1228
1939 843
1421 844
845 278
1593 846
847 1648
848 512
1296 849
850 1636
851 840
1031 852
853 861
854 1614
1721 855
856 734
857 1499
858 1503
859 1733
860 116
989 861
1488 862
863 105
864 1144
63 865
1397 866
529 867
868 924
1712 869
257 870
871 1706
872 511
313 873
874 1137
1387 875
1539 876
877 906
43 878
258 879
880 92
881 1660
909 882
466 883
1005 884
108 885
886 1707
887 873
888 1390
890 889
637 890
863 891
1832 892
867 893
894 1176
954 895
1827 896
560 897
882 898
537 899
900 510
1930 901
1617 902
903 397
904 1281
1900 905
1587 906
907 142
496 908
665 909
910 1427
1424 911
912 619
62 913
1235 914
1715 915
392 916
917 1121
918 127
1732 919
920 922
1408 921
278 922
629 923
924 1133
1173 925
926 1098
927 1957
879 928
929 832
272 930
1738 931
932 578
661 933
1116 934
935 1017
936 1695
937 457
393 938
939 1162
582 940
1819 941
942 1320
943 255
944 1605
945 511
68 946
947 640
90 948
949 1214
950 391
44 951
952 765
1258 953
549 954
1030 955
954 956
957 1195
1085 958
1086 959
960 101
1717 961
32 962
53 963
964 1313
313 965
673 966
967 219
968 667
969 1392
1622 970
971 1359
972 720
973 152
32 974
975 1989
976 390
977 1317
978 553
1056 979
980 118
419 981
1733 982
983 189
984 476
985 1223
773 986
987 801
96 988
989 1587
323 990
1772 991
992 1010
993 576
389 994
995 1197
925 996
997 493
998 1303
999 1479
1000 1416
273 1001
789 1002
1700 1003
737 1004
1728 1005
1006 1909
259 1007
954 1008
1243 1009
1010 325
1011 1945
1012 393
1013 1429
1102 1014
1015 335
1016 16
1017 197
675 1018
22 1019
1020 23
1621 1021
1610 1022
1023 380
1024 1285
1025 152
1012 1026
1027 53
1028 67
236 1029
1186 1030
1031 1400
1872 1032
1033 730
1034 180
1811 1035
1036 803
1624 1037
1038 1874
1039 1333
651 1040
1041 1032
210 1042
1043 326
1763 1044
1045 730
1626 1046
148 1047
1265 1048
1049 1665
1108 1050
1051 614
1052 1305
973 1053
1234 1054
805 1055
1056 1372
19 1057
167 1058
314 1059
567 1060
1061 1174
1717 1062
1490 1063
1064 1145
481 1065
983 1066
1067 1711
1068 576
1561 1069
1414 1070
258 1071
1072 853
793 1073
41 1074
1699 1075
1076 27
1077 1570
1078 1897
1079 1715
700 1080
1750 1081
119 1082
41 1083
1084 805
1085 1042
1555 1086
1416 1087
1088 576
112 1089
1090 1670
1941 1091
1092 1782
675 1093
1094 1139
1095 1208
442 1096
614 1097
390 1098
94 1099
1100 1744
1101 1731
1102 1187
1103 925
643 1104
1105 203
1106 1295
1091 1107
1201 1108
1109 209
98 1110
337 1111
847 1112
1113 533
1088 1114
292 1115
1116 1196
1117 624
594 1118
1119 1492
1591 1120
1319 1121
1122 1065
1123 1075
894 1124
219 1125
1126 1442
1127 1852
1128 185
1129 1432
1130 1059
1131 507
974 1132
1133 1300
1106 1134
1166 1135
1136 1723
681 1137
1658 1138
1139 919
1140 1571
1418 1141
1165 1142
1779 1143
1144 1379
1145 503
1445 1146
38 1147
1441 1148
1931 1149
1150 1541
480 1151
203 1152
1153 1723
1154 453
1155 478
1156 1609
1253 1157
1310 1158
1924 1159
1160 1618
1702 1161
1162 1573
1163 1790
1830 1164
1905 1165
1145 1166
448 1167
652 1168
942 1169
756 1170
1716 1171
870 1172
1173 857
1460 1174
1920 1175
1009 1176
1177 57
1957 1178
1179 1758
1180 614
1181 659
1182 71
517 1183
1184 1102
1745 1185
1700 1186
1442 1187
1188 345
1189 817
282 1190
1191 260
376 1192
615 1193
160 1194
1606 1195
1196 693
1197 1816
23 1198
1039 1199
504 1200
1499 1201
331 1202
553 1203
478 1204
1205 790
1423 1206
1207 99
1208 936
984 1209
1278 1210
1211 1422
1212 1333
1851 1213
1214 176
1215 1966
1216 1218
1217 1327
1523 1218
333 1219
1220 1103
1376 1221
1222 568
1223 1488
1224 1766
94 1225
1683 1226
1227 1552
1228 853
860 1229
1230 1669
1271 1231
1232 1905
1233 1506
1234 898
1151 1235
1236 798
1237 767
444 1238
595 1239
1240 1518
1760 1241
1242 183
1377 1243
1244 1481
568 1245
1246 1142
1247 951
1513 1248
1249 129
1250 1699
1251 1359
1252 1198
1253 580
318 1254
273 1255
1256 1988
1257 1149
879 1258
1418 1259
1708 1260
1606 1261
1262 1580
1263 1674
1264 1315
1265 714
1707 1266
1007 1267
1268 1018
377 1269
375 1270
1271 543
1272 806
911 1273
1274 220
1275 169
1276 797
836 1277
1278 127
1279 1935
1280 1229
1281 1068
3 1282
1283 1648
1284 1984
1472 1285
1017 1286
1287 1022
1316 1288
1289 1039
1290 1903
1966 1291
1292 524
1293 1536
1294 410
621 1295
1296 1694
598 1297
1860 1298
1299 92
1397 1300
1161 1301
1561 1302
1144 1303
774 1304
1305 1779
1823 1306
1307 1812
13 1308
336 1309
1310 1752
430 1311
1847 1312
1313 1908
1314 1854
1315 592
1342 1316
1317 1805
1318 1586
129 1319
1960 1320
962 1321
1322 1195
1444 1323
1324 879
1325 320
1326 1113
1327 445
1011 1328
1713 1329
1795 1330
1331 1635
1051 1332
817 1333
912 1334
1335 1100
1336 1878
864 1337
1338 550
1339 1249
911 1340
1341 422
1342 332
1343 63
350 1344
313 1345
1346 1757
1347 1789
1066 1348
376 1349
310 1350
1485 1351
1352 1773
549 1353
1354 22
1355 416
1356 767
713 1357
1358 1221
73 1359
359 1360
966 1361
16 1362
1805 1363
1370 1364
968 1365
1469 1366
625 1367
1368 996
1369 1162
1370 1995
1666 1371
1422 1372
1946 1373
1584 1374
1893 1375
525 1376
716 1377
1378 1456
1185 1379
502 1380
690 1381
1499 1382
1383 1247
201 1384
1385 616
1386 704
883 1387
1388 1183
1389 1934
464 1390
1391 1949
1392 1740
1350 1393
1394 87
556 1395
1396 1840
204 1397
1398 146
1941 1399
1400 1407
1401 1083
1402 1250
1403 769
1404 319
1405 1009
1406 496
1446 1407
1374 1408
1409 1801
1410 1000
766 1411
1412 100
1413 203
1414 1047
1415 1755
1416 384
825 1417
1418 1634
1952 1419
1420 1515
1421 1755
1646 1422
886 1423
54 1424
1425 1679
1426 144
513 1427
592 1428
1692 1429
1430 163
1431 888
1432 8
533 1433
986 1434
1435 516
1436 730
430 1437
1438 23
1439 1031
1510 1440
1531 1441
1442 157
1443 1174
301 1444
1445 1535
1867 1446
1447 994
466 1448
9 1449
1450 1600
1451 1061
909 1452
341 1453
158 1454
1455 458
578 1456
1457 371
1458 33
1459 53
603 1460
1461 385
1462 16
1463 276
1765 1464
1465 961
1823 1466
1467 1510
1468 1752
1858 1469
1742 1470
1471 230
1770 1472
1473 576
1474 464
1047 1475
747 1476
1389 1477
817 1478
1479 315
1480 837
1481 596
1482 1959
823 1483
1484 268
776 1485
703 1486
1487 349
1488 1705
1489 58
1490 1804
1269 1491
1492 1563
120 1493
1306 1494
132 1495
1960 1496
1497 407
764 1498
1499 223
919 1500
208 1501
1502 51
1503 1339
1504 1183
1505 1093
1506 263
1452 1507
1508 1951
521 1509
1510 1389
1511 954
390 1512
365 1513
468 1514
1515 209
1516 853
49 1517
1416 1518
117 1519
1520 1961
803 1521
1878 1522
1523 1742
1524 542
1525 1548
1174 1526
1567 1527
1679 1528
1724 1529
1337 1530
1531 1140
1737 1532
1416 1533
1627 1534
1458 1535
1443 1536
1540 1537
866 1538
1539 1602
105 1540
1541 15
1563 1542
1543 1796
1190 1544
1545 920
1546 1338
191 1547
1416 1548
570 1549
1550 1822
1551 475
1552 77
1553 1587
1554 1488
1555 1596
1556 150
1557 398
1558 117
1559 106
1318 1560
1561 510
750 1562
1563 952
1564 510
174 1565
1566 194
1176 1567
1367 1568
1305 1569
219 1570
1571 1650
1572 1590
725 1573
1015 1574
1575 507
933 1576
497 1577
1591 1578
1584 1579
1580 1490
952 1581
1058 1582
1479 1583
1584 1172
1472 1585
54 1586
1587 1004
1588 1197
1237 1589
1006 1590
386 1591
876 1592
1593 610
1594 811
1595 1433
1596 1766
1597 167
1360 1598
525 1599
813 1600
1601 929
1974 1602
1603 818
1208 1604
1605 1002
1606 122
405 1607
46 1608
1188 1609
1056 1610
827 1611
1562 1612
1613 675
509 1614
1452 1615
1471 1616
1617 1441
1618 1873
708 1619
1290 1620
409 1621
1622 1089
544 1623
1624 1754
672 1625
1626 592
287 1627
1549 1628
1696 1629
444 1630
1631 1937
1632 757
1633 114
1888 1634
1552 1635
1636 1037
1637 943
1638 171
1080 1639
1640 291
684 1641
1473 1642
1939 1643
1366 1644
266 1645
1646 1222
800 1647
909 1648
1649 1509
1 1650
656 1651
1652 1600
1926 1653
1654 1838
1655 4
1579 1656
257 1657
1103 1658
1956 1659
1660 598
1661 97
1662 1331
1300 1663
1664 27
1665 1116
1666 360
1667 197
1668 1174
1669 1772
1670 1476
1403 1671
1672 757
10 1673
1674 278
629 1675
1228 1676
1677 318
1293 1678
1679 1543
1680 570
1197 1681
1888 1682
1683 539
1584 1684
1770 1685
1686 621
1286 1687
1858 1688
1077 1689
803 1690
676 1691
1074 1692
1693 1749
1694 269
626 1695
774 1696
1697 644
1025 1698
1320 1699
1700 1851
707 1701
1702 1816
222 1703
1704 1696
1705 349
71 1706
1235 1707
576 1708
1930 1709
111 1710
1711 540
942 1712
1713 848
1714 1513
1358 1715
1716 58
1717 153
110 1718
1719 1526
1041 1720
1721 701
182 1722
1632 1723
51 1724
524 1725
1726 1670
393 1727
1728 177
1729 1256
823 1730
1731 1132
1732 1042
1733 7
348 1734
647 1735
696 1736
1737 961
1738 1051
1739 809
1740 1317
1741 599
1039 1742
1743 1554
737 1744
256 1745
1158 1746
1747 756
1625 1748
1363 1749
1387 1750
107 1751
1752 1114
262 1753
1732 1754
1573 1755
1756 1991
1757 88
1758 464
184 1759
615 1760
1761 536
1762 1848
797 1763
1774 1764
1833 1765
1766 806
1667 1767
1592 1768
1398 1769
1770 184
1132 1771
1127 1772
1773 102
1066 1774
940 1775
292 1776
1777 1681
1778 1196
1779 207
1780 252
1781 1971
113 1782
1271 1783
879 1784
1785 1270
463 1786
1787 1540
1788 820
1789 1949
1790 1367
1854 1791
1792 1038
1793 1330
1548 1794
690 1795
1796 262
1797 123
1798 976
1822 1799
1800 1916
1801 1489
1802 1483
1803 204
1007 1804
27 1805
1806 41
89 1807
508 1808
1809 244
1739 1810
1161 1811
810 1812
1813 694
1946 1814
1815 829
304 1816
1715 1817
166 1818
1819 220
1820 645
1821 312
1822 1362
1443 1823
1824 1370
14 1825
1826 1627
1827 1583
1912 1828
1024 1829
730 1830
1831 1812
372 1832
1308 1833
1834 2000
859 1835
229 1836
1837 1511
1823 1838
1011 1839
1840 614
1841 295
1759 1842
1843 380
1844 1396
1343 1845
1846 1100
907 1847
801 1848
520 1849
377 1850
1851 861
1852 1449
1072 1853
1854 922
1855 71
1597 1856
201 1857
89 1858
1859 1350
381 1860
1861 1213
1862 470
1677 1863
1640 1864
1250 1865
1866 260
1867 1406
1849 1868
1215 1869
1870 1079
1600 1871
1872 660
1460 1873
1874 959
1875 197
1876 150
900 1877
1878 652
613 1879
111 1880
1088 1881
1338 1882
1883 1937
1529 1884
1885 518
1886 1725
261 1887
819 1888
1889 876
280 1890
1157 1891
44 1892
1893 1945
599 1894
1438 1895
1896 812
403 1897
788 1898
1899 544
720 1900
301 1901
525 1902
1903 1964
1016 1904
1905 23
1906 1155
759 1907
15 1908
1909 165
1910 602
243 1911
1541 1912
569 1913
1914 217
792 1915
1916 18
1917 644
1918 254
128 1919
1920 1285
235 1921
1922 301
1923 613
1282 1924
962 1925
1397 1926
1568 1927
1928 1932
1929 1462
1930 14
1931 1241
1932 808
1933 795
1934 1956
324 1935
1936 1169
1937 1318
1856 1938
1939 1555
1940 425
1941 1471
1774 1942
1943 872
1944 1338
282 1945
1946 307
1947 248
1948 1039
447 1949
1950 1848
1951 345
1498 1952
798 1953
1954 136
1955 373
23 1956
1957 497
438 1958
1657 1959
1745 1960
1961 1725
1962 65
1749 1963
1555 1964
1965 736
1966 1964
1502 1967
1229 1968
808 1969
985 1970
1971 1553
1972 969
187 1973
1974 50
1975 1121
1976 1393
1977 1593
303 1978
1326 1979
1980 1684
1265 1981
1144 1982
1983 160
1392 1984
1985 1865
226 1986
1762 1987
1184 1988
1989 442
570 1990
1991 401
1992 436
129 1993
1994 374
1995 1905
1996 579
535 1997
1998 917
431 1999
1583 2000
2000
2 572
968 3
4 1382
1213 5
1999 6
7 518
8 1143
1867 9
928 10
11 582
822 12
13 1344
117 14
15 713
16 1663
1165 17
869 18
1570 19
521 20
21 133
1278 22
23 1140
24 1713
1410 25
288 26
27 1186
28 1933
1144 29
30 903
431 31
1233 32
306 33
34 1061
255 35
498 36
37 1403
1906 38
39 973
40 1549
41 1072
42 631
43 829
35 44
45 992
1854 46
47 914
1823 48
49 605
50 515
1532 51
52 1438
53 1495
310 54
55 1589
114 56
553 57
58 280
1294 59
60 386
61 1188
615 62
63 1870
754 64
896 65
709 66
67 1445
68 1226
1046 69
70 1079
1356 71
574 72
73 85
291 74
75 419
1984 76
1987 77
700 78
79 1414
1296 80
1525 81
397 82
73 83
812 84
169 85
86 1517
87 1864
1218 88
1462 89
863 90
91 226
1290 92
93 1845
28 94
575 95
830 96
97 1587
98 1522
99 686
1001 100
101 778
102 1500
103 596
623 104
105 206
106 588
107 245
108 127
109 80
1928 110
111 1206
112 975
113 1645
430 114
115 308
116 573
117 793
118 651
119 1207
120 678
1247 121
122 398
123 66
1691 124
125 1665
493 126
127 1185
128 1563
129 364
130 716
388 131
374 132
957 133
134 845
135 17
136 372
137 1485
961 138
139 722
876 140
1637 141
111 142
143 563
144 1935
145 1292
146 142
147 1192
1641 148
1042 149
150 832
151 1029
274 152
153 1469
1524 154
1579 155
1783 156
1617 157
1085 158
159 1969
160 1281
161 1104
441 162
1512 163
164 1801
1863 165
840 166
1467 167
177 168
169 1397
170 42
171 748
1533 172
1595 173
174 1424
1750 175
176 148
177 872
178 31
1211 179
1054 180
181 264
425 182
183 1855
184 1366
185 552
1708 186
1178 187
1209 188
1303 189
491 190
693 191
192 1273
193 413
194 765
195 987
9 196
1841 197
198 669
199 59
200 461
889 201
1171 202
1806 203
204 612
323 205
206 1509
935 207
795 208
209 1643
220 210
211 811
1967 212
1978 213
1018 214
215 569
627 216
217 753
218 1673
219 1450
220 602
221 1025
222 34
187 223
1083 224
1662 225
226 785
227 1670
1484 228
1360 229
1115 230
231 1257
232 645
1911 233
1790 234
235 958
15 236
237 1990
238 195
239 767
52 240
1124 241
242 805
243 1736
244 362
245 1900
557 246
247 1378
781 248
249 1892
1577 250
478 251
1705 252
253 1230
254 447
49 255
256 1333
1536 257
258 827
259 1145
260 1139
1488 261
1540 262
780 263
200 264
265 565
1338 266
267 421
26 268
838 269
506 270
866 271
1411 272
273 1288
274 825
1671 275
276 761
548 277
1204 278
279 881
462 280
1117 281
282 228
480 283
284 497
285 7
1142 286
287 324
288 900
1311 289
290 1314
1406 291
252 292
247 293
294 1011
295 1843
586 296
297 1174
102 298
299 315
300 1441
940 301
302 338
303 1666
304 436
305 1949
306 39
1134 307
344 308
309 1914
853 310
311 399
1415 312
305 313
994 314
1107 315
1286 316
297 317
617 318
319 109
320 530
321 917
813 322
1425 323
324 820
643 325
1796 326
738 327
1724 328
329 690
1187 330
509 331
327 332
1184 333
158 334
24 335
336 1634
815 337
338 1804
871 339
468 340
122 341
208 342
343 411
344 221
1964 345
346 1130
347 1267
348 1100
349 86
350 1639
1244 351
209 352
353 970
608 354
1327 355
356 1893
357 920
358 88
698 359
1065 360
1346 361
362 604
136 363
364 214
365 926
1419 366
263 367
1988 368
369 540
370 948
1252 371
372 87
1351 373
374 658
1264 375
376 936
377 254
758 378
379 319
1269 380
342 381
1942 382
1792 383
1461 384
802 385
1775 386
1330 387
388 927
389 116
1398 390
1490 391
1588 392
999 393
394 1852
1647 395
895 396
397 1995
1604 398
1044 399
400 1558
401 1594
402 253
403 990
1081 404
405 1237
1437 406
407 1816
408 1221
409 918
410 1907
1336 411
412 1464
413 777
414 1902
168 415
1348 416
417 875
1915 418
419 150
420 1383
1251 421
422 728
423 1580
424 171
689 425
426 1396
821 427
428 1358
429 241
430 489
526 431
137 432
433 801
67 434
407 435
436 1357
12 437
438 683
439 545
1759 440
154 441
442 1610
443 1858
444 1475
445 1544
1556 446
447 1405
410 448
449 1
450 955
727 451
878 452
1253 453
1777 454
455 409
456 1465
65 457
1223 458
606 459
460 1797
391 461
159 462
1733 463
464 974
1239 465
484 466
600 467
1993 468
469 719
1695 470
471 1721
1553 472
284 473
474 680
475 1742
977 476
45 477
478 708
479 293
480 951
1261 481
1371 482
483 1779
484 1895
485 1006
1329 486
1478 487
1850 488
489 706
490 1628
1385 491
492 1732
1849 493
1323 494
495 193
496 764
1224 497
94 498
659 499
500 1780
501 718
502 856
836 503
740 504
505 622
506 1094
1263 507
671 508
1150 509
510 1820
511 100
383 512
1794 513
514 1240
513 515
516 814
490 517
518 1307
519 635
267 520
531 521
108 522
523 1650
1101 524
525 1774
526 81
527 985
92 528
529 921
1442 530
578 531
946 532
747 533
1422 534
535 340
536 457
537 1598
538 638
539 487
540 1765
1630 541
71 542
543 981
544 1840
428 545
546 1507
46 547
548 296
1132 549
880 550
1703 551
665 552
1979 553
119 554
555 1041
1004 556
1343 557
558 554
559 68
561 560
1022 561
883 562
1678 563
564 229
890 565
1660 566
539 567
1912 568
1119 569
113 570
571 1838
1227 572
573 906
574 1067
575 1654
576 611
577 141
578 359
704 579
580 1125
581 800
1687 582
1093 583
584 415
585 123
586 589
587 1236
588 1862
589 924
590 637
591 1014
204 592
593 1936
905 594
595 1200
596 452
597 532
1856 598
599 246
1182 600
1070 601
602 1305
603 1624
604 332
605 222
606 450
607 1596
608 567
773 609
610 1668
611 1657
612 1341
613 495
1884 614
485 615
984 616
617 1958
1968 618
619 862
1614 620
621 8
405 622
1095 623
624 1390
628 625
626 633
353 627
628 527
629 251
630 1808
631 925
632 135
1569 633
634 464
1946 635
931 636
529 637
384 638
639 465
640 614
1463 641
642 95
72 643
1418 644
645 1498
646 547
647 760
648 1951
649 347
650 454
791 651
1444 652
104 653
654 1599
649 655
210 656
657 857
658 336
659 1153
660 1592
161 661
1661 662
172 663
664 796
665 418
666 535
667 1427
239 668
669 1180
670 1559
671 1373
1283 672
673 1818
674 361
675 1813
676 376
677 1473
1299 678
779 679
885 680
233 681
1501 682
53 683
382 684
685 393
1602 686
502 687
688 1734
689 507
690 1871
585 691
1482 692
693 58
1138 694
695 1309
696 224
697 533
691 698
952 699
705 700
672 701
595 702
1402 703
704 787
705 207
706 1262
707 1763
708 1183
709 591
1312 710
711 702
712 1193
1623 713
714 1615
715 145
380 716
717 473
1505 718
523 719
1225 720
1723 721
1658 722
723 1857
724 1633
1412 725
726 1255
727 624
1497 728
244 729
730 1377
731 1740
732 1565
733 1597
734 1989
735 982
891 736
737 1692
738 675
739 1291
740 1701
741 1050
1846 742
1965 743
1966 744
745 1572
746 294
1635 747
1154 748
809 749
983 750
965 751
1745 752
1285 753
754 1483
1869 755
1686 756
1904 757
758 1203
759 587
760 712
761 176
1232 762
763 312
1683 764
1058 765
766 1618
767 877
1028 768
769 763
1554 770
771 1992
377 772
1315 773
774 1905
775 1879
933 776
1636 777
1762 778
1921 779
194 780
781 1429
782 1066
89 783
511 784
879 785
1298 786
787 505
317 788
1161 789
790 590
919 791
792 1785
1909 793
311 794
1632 795
796 932
797 36
798 945
799 1453
800 1821
1319 801
802 898
1024 803
528 804
805 1886
632 806
1649 807
808 541
560 809
810 944
358 811
1937 812
1714 813
1809 814
815 937
816 901
1948 817
1738 818
819 1868
820 414
821 1362
822 261
823 1149
91 824
1208 825
826 242
873 827
1089 828
456 829
1887 830
831 1108
832 1010
1903 833
1938 834
835 646
836 848
837 1994
838 1034
839 644
1827 840
1676 841
1669 842
1197 843
670 844
850 845
256 846
847 1271
848 225
849 639
1593 850
851 1361
852 1342
853 1725
886 854
594 855
1861 856
1493 857
858 1877
859 562
860 1859
861 979
783 862
1799 863
326 864
1129 865
866 837
867 922
916 868
869 442
636 870
1791 871
872 913
1487 873
609 874
500 875
339 876
877 162
878 1164
1550 879
1519 880
881 1817
882 1458
365 883
328 884
885 237
886 861
1681 887
373 888
1601 889
38 890
1190 891
1508 892
335 893
331 894
1575 895
19 896
789 897
715 898
899 846
900 1600
16 901
902 823
903 440
904 956
905 98
906 219
1275 907
908 1824
499 909
1325 910
272 911
912 1996
993 913
1447 914
915 197
916 278
235 917
265 918
919 834
920 1923
1789 921
922 70
923 799
924 1980
1301 925
926 132
927 909
928 739
1699 929
930 13
1051 931
79 932
180 933
934 281
32 935
1148 936
1313 937
730 938
93 939
940 549
1719 941
942 1381
943 1265
944 1546
945 1891
946 78
51 947
744 948
1448 949
69 950
951 731
952 258
1492 953
954 333
1674 955
956 1005
957 997
1885 958
858 959
960 1380
961 1894
962 1768
963 884
964 534
1248 965
966 1839
967 989
394 968
1035 969
970 1590
971 287
972 211
973 1214
974 1284
975 1853
1167 976
519 977
1819 978
979 1831
980 1452
981 1731
106 982
275 983
984 129
817 985
816 986
987 1417
988 55
989 367
1199 990
991 304
992 1347
993 190
559 994
995 303
996 571
14 997
998 724
202 999
1000 1917
1001 734
1002 1112
634 1003
1004 504
1005 1644
1757 1006
1007 1242
476 1008
1009 277
1010 11
1830 1011
1012 766
173 1013
1014 991
1379 1015
1016 1889
1017 1582
1018 215
1019 1640
1020 1027
1219 1021
1022 438
1023 184
1024 1547
179 1025
1026 1008
1027 1479
988 1028
389 1029
1030 661
864 1031
1032 1872
1033 404
1034 99
1035 576
1036 819
897 1037
1829 1038
685 1039
1040 1106
1074 1041
1282 1042
1043 826
1044 1084
1045 1222
1046 420
677 1047
579 1048
558 1049
1050 629
1051 1133
223 1052
726 1053
1054 668
1055 1672
143 1056
621 1057
1374 1058
1059 743
1060 1545
1755 1061
1062 1865
299 1063
1064 1399
1586 1065
1945 1066
1067 1873
1068 1170
131 1069
1070 205
798 1071
279 1072
1073 1642
1074 1826
1075 82
1076 345
1077 842
1078 1038
1079 266
1080 155
599 1081
1882 1082
1083 218
1084 1202
1726 1085
351 1086
1496 1087
1088 1393
1375 1089
1090 196
1091 570
1092 1056
1093 960
1094 1036
75 1095
1096 1581
1097 1916
1098 1352
1099 1729
1100 1457
1101 1555
1102 723
1103 746
1104 412
1105 912
803 1106
1107 782
1898 1108
1109 1747
1316 1110
1111 784
1112 682
663 1113
1114 1924
1053 1115
1116 525
1117 1201
1118 1971
1119 1270
1120 584
1097 1121
1122 1991
1123 1131
980 1124
687 1125
1055 1126
140 1127
41 1128
1129 48
1130 424
1280 1131
1132 1646
1133 1302
213 1134
1135 1798
1136 160
1137 1141
1138 1260
1139 1162
1140 619
1372 1141
1142 455
790 1143
57 1144
1145 186
1146 647
1147 1391
1148 1454
1149 717
1150 121
1697 1151
1152 1828
439 1153
654 1154
1155 1019
1156 346
721 1157
607 1158
459 1159
1677 1160
1161 1925
969 1162
1163 494
641 1164
1165 341
1166 61
1167 1680
1918 1168
1169 1096
1170 692
422 1171
1172 1389
1173 433
417 1174
107 1175
1876 1176
1177 1068
1963 1178
1179 1675
1180 1048
1109 1181
1567 1182
1183 762
1184 1706
742 1185
1127 1186
1913 1187
1326 1188
1189 355
655 1190
1191 867
1192 714
1193 1825
1194 1430
1404 1195
1196 1300
396 1197
1198 1787
1199 153
1200 1169
1201 1771
1202 847
1203 21
1204 887
1205 472
1206 1749
1207 1026
516 1208
667 1209
772 1210
445 1211
966 1212
6 1213
1214 1431
1215 1748
1216 199
1527 1217
1218 427
1219 1432
1943 1220
1221 941
1321 1222
1223 1557
1111 1224
1760 1225
1226 4
1227 749
1812 1228
1753 1229
1230 673
1231 657
282 1232
1541 1233
696 1234
1009 1235
1236 1320
1121 1237
1888 1238
329 1239
363 1240
1627 1241
481 1242
1243 84
1244 555
1245 1012
1246 1920
1247 268
1248 385
1613 1249
1250 18
1251 492
855 1252
1253 610
232 1254
1781 1255
1433 1256
1257 1833
1258 101
1259 1147
1656 1260
1388 1261
1262 1423
1952 1263
1264 699
1265 1973
1266 1693
788 1267
1268 630
776 1269
295 1270
152 1271
1272 1625
695 1273
868 1274
1275 112
227 1276
1621 1277
1306 1278
1279 1955
729 1280
1266 1281
859 1282
759 1283
1284 1835
1685 1285
44 1286
1883 1287
674 1288
1289 463
1290 1603
1291 1322
1421 1292
1293 1704
1758 1294
1090 1295
902 1296
1297 1241
1017 1298
1299 83
1300 755
1073 1301
769 1302
469 1303
1304 1711
625 1305
1306 566
1310 1307
976 1308
1769 1309
1335 1310
1311 165
662 1312
1313 1985
1941 1314
1395 1315
325 1316
1317 854
1318 1717
1319 302
1776 1320
1321 1156
1114 1322
1323 64
1231 1324
460 1325
1866 1326
1327 1741
1328 1737
1682 1329
1531 1330
1616 1331
185 1332
1333 1470
844 1334
1335 1474
1336 1324
381 1337
1338 1181
1339 964
1340 1443
1784 1341
1342 1287
1343 556
792 1344
1345 908
188 1346
1347 1413
551 1348
1349 352
390 1350
1351 1934
1352 865
1353 1354
679 1354
166 1355
1356 947
1357 929
1358 1743
1359 269
1032 1360
151 1361
1362 115
1328 1363
482 1364
348 1365
1137 1366
1367 1788
182 1368
1369 286
1370 1105
1371 1198
1372 1956
1373 238
1605 1374
1534 1375
1583 1376
1377 794
1378 998
1566 1379
1521 1380
1381 894
1382 1166
1383 1082
1384 824
1385 962
1386 1710
1805 1387
1388 750
1332 1389
1000 1390
1391 1648
1739 1392
1393 437
1394 797
1510 1395
1191 1396
1397 1772
1398 893
1399 752
130 1400
1401 808
1402 356
1403 350
1404 1064
1405 1940
1471 1406
1407 831
1408 23
1962 1409
402 1410
1411 1881
1412 128
29 1413
1246 1414
1415 212
1416 77
1927 1417
1418 1578
1039 1419
1694 1420
1421 105
139 1422
1423 423
230 1424
1425 1272
1426 1560
1427 1057
1919 1428
1429 601
216 1430
164 1431
1432 486
1433 357
97 1434
1002 1435
593 1436
1437 1836
1102 1438
1439 458
839 1440
1435 1441
1442 986
201 1443
1444 1638
1445 1551
1446 598
63 1447
1448 249
1449 1339
1317 1450
1451 1494
1452 1626
537 1453
953 1454
354 1455
379 1456
1584 1457
1158 1458
1459 1901
807 1460
1122 1461
1462 37
309 1463
1464 125
1514 1465
1466 1608
270 1467
1744 1468
1576 1469
1470 874
1471 923
1103 1472
1473 1506
849 1474
1986 1475
1476 1481
1477 835
1478 313
524 1479
1480 1013
1481 1455
911 1482
1483 378
1146 1484
1485 1537
1511 1486
1499 1487
1667 1488
1426 1489
330 1490
1276 1491
1071 1492
1493 1728
1494 1350
1021 1495
1496 1880
448 1497
1498 408
1499 1092
1500 30
1501 949
1076 1502
1503 618
1504 733
1505 711
1506 1561
1507 967
1508 1715
1509 240
1516 1510
963 1511
1512 400
1365 1513
1514 1289
1700 1515
546 1516
1517 1793
1518 1460
1503 1519
1520 1476
1480 1521
1522 1982
1212 1523
1766 1524
1525 1709
620 1526
1953 1527
369 1528
1926 1529
1782 1530
1531 56
1532 1016
1098 1533
904 1534
395 1535
1536 1944
1520 1537
1538 1974
1629 1539
1540 544
25 1541
1542 1690
1543 833
939 1544
1386 1545
1932 1546
1547 1220
1254 1548
648 1549
915 1550
1756 1551
1552 1194
1553 732
1554 843
1157 1555
978 1556
1557 1020
1059 1558
276 1559
1560 1062
1571 1561
1562 321
1653 1563
1564 1515
449 1565
1566 271
1567 1259
1087 1568
1569 1477
954 1570
1910 1571
910 1572
1573 972
1574 1116
1575 1720
96 1576
1118 1577
1578 1754
1579 60
43 1580
1581 175
1228 1582
841 1583
1584 10
371 1585
860 1586
1587 1664
1795 1588
1589 1832
1590 892
1591 149
1592 542
1593 694
1975 1594
1595 870
1596 1401
1597 1786
1598 1874
1599 1420
1600 930
1601 1155
1602 1407
198 1603
1003 1604
1605 522
1606 1619
1607 1472
471 1608
1609 1684
1172 1610
203 1611
616 1612
1613 512
1392 1614
1387 1615
1616 1216
1099 1617
1618 1345
1619 1702
1069 1620
1847 1621
1622 710
1043 1623
250 1624
1573 1625
1626 536
1627 1539
1449 1628
1249 1629
334 1630
147 1631
189 1632
907 1633
1634 1851
1295 1635
1636 1707
1637 1256
1638 1045
828 1639
110 1640
1641 1052
1950 1642
1409 1643
1957 1644
1645 1752
1970 1646
1647 1751
1648 681
768 1649
1650 1416
503 1651
577 1652
1653 1250
474 1654
775 1655
1656 1060
1657 103
1620 1658
1659 273
1368 1660
1661 298
1662 520
1764 1663
741 1664
1293 1665
1031 1666
236 1667
1668 1037
1669 467
429 1670
1671 1331
1672 751
1408 1673
1128 1674
243 1675
1676 737
1922 1677
300 1678
1367 1679
1136 1680
852 1681
1163 1682
1683 720
1369 1684
1803 1685
597 1686
1687 770
217 1688
581 1689
1690 1931
1815 1691
1692 1110
1040 1693
1694 1778
1695 1696
1696 756
1697 1716
774 1698
360 1699
292 1700
1701 443
1702 1440
950 1703
1704 368
1705 387
477 1706
392 1707
1400 1708
1235 1709
1529 1710
1711 1606
1712 510
1976 1713
1714 1258
1715 401
167 1716
538 1717
1718 1770
1810 1719
1720 1890
1175 1721
1722 1842
146 1723
1724 470
568 1725
1726 1513
76 1727
1837 1728
1729 1349
1761 1730
1731 191
496 1732
1878 1733
134 1734
1123 1735
786 1736
1574 1737
1318 1738
1739 1304
479 1740
416 1741
1742 283
231 1743
1744 1196
1745 62
959 1746
1747 1807
1748 257
483 1749
1552 1750
1751 435
1752 262
1753 664
1754 1535
1755 1735
1446 1756
1434 1757
1758 745
1277 1759
1767 1760
1896 1761
1459 1762
1763 1939
124 1764
1814 1765
1766 725
1767 1659
1376 1768
320 1769
1770 1848
653 1771
466 1772
1773 301
1774 736
818 1775
74 1776
1777 995
1860 1778
1779 1822
259 1780
1781 90
1782 444
613 1783
1353 1784
1297 1785
1786 316
1787 1370
1788 514
1789 426
1243 1790
1791 603
1792 757
1793 1972
1794 517
1795 1981
1502 1796
1439 1797
1798 1538
1799 1929
1800 1834
1091 1801
1210 1802
451 1803
318 1804
1805 1245
1585 1806
1807 349
1808 1217
40 1809
1810 1983
1811 1394
1812 1800
1355 1813
1814 899
1229 1815
1816 642
1817 33
403 1818
1819 1543
1820 1959
1651 1821
1152 1822
1823 1340
934 1824
1825 337
1826 550
1827 1977
1234 1828
260 1829
1830 1491
1831 1308
1832 703
1591 1833
1834 882
1835 1007
1897 1836
1837 157
1838 1954
1839 1195
234 1840
1023 1841
1842 592
1843 2
1120 1844
1845 564
181 1846
1847 406
1848 1337
1849 314
1850 50
475 1851
1852 1698
1722 1853
174 1854
1855 1113
971 1856
1857 178
1689 1858
1652 1859
1033 1860
1861 156
1899 1862
1279 1863
1864 1568
1865 684
434 1866
735 1867
1868 289
1869 1030
432 1870
583 1871
1611 1872
1873 580
1160 1874
1875 22
810 1876
1877 1564
1878 1238
1844 1879
1746 1880
1881 501
1882 1486
1189 1883
1884 701
1885 1518
1151 1886
996 1887
1888 322
1889 192
676 1890
656 1891
1892 144
1893 163
1168 1894
1730 1895
5 1896
1897 170
1215 1898
1773 1899
1900 488
1080 1901
1384 1902
640 1903
126 1904
697 1905
1906 1718
1907 1015
1908 806
543 1909
1456 1910
1911 1712
1912 1523
1913 1609
1914 248
1915 652
1075 1916
1917 1363
1918 1049
1919 1078
1542 1920
1921 1135
1063 1922
1923 1334
666 1924
1088 1925
1811 1926
660 1927
1655 1928
1159 1929
1998 1930
285 1931
1932 1875
120 1933
1997 1934
1562 1935
1936 1607
2000 1937
1727 1938
1939 1961
1179 1940
183 1941
290 1942
1526 1943
508 1944
1468 1945
1946 1077
626 1947
1948 446
943 1949
1177 1950
650 1951
1960 1952
1953 1688
1268 1954
1359 1955
1956 1679
1957 20
1428 1958
1959 804
1960 1802
375 1961
1173 1962
1963 771
307 1964
1965 453
1451 1966
1047 1967
1968 1528
1969 942
1970 1908
1205 1971
1489 1972
1973 366
888 1974
1975 118
1976 27
938 1977
1530 1978
1176 1979
1980 1622
1981 1930
138 1982
1983 851
1984 1947
47 1985
370 1986
1548 1987
1612 1988
1274 1989
688 1990
1504 1991
1992 1466
1993 3
1994 1126
1436 1995
1996 707
1997 1086
343 1998
54 1999
2000 1631
2000
1 2
3 1
4 1
5 1
1 6
1 7
8 1
9 1
10 1
1 11
1 12
13 1
1 14
1 15
16 1
17 1
1 18
1 19
1 20
21 1
1 22
23 1
24 1
1 25
1 26
27 1
28 1
29 1
1 30
1 31
32 1
33 1
1 34
35 1
36 1
37 1
1 38
1 39
40 1
41 1
1 42
1 43
44 1
1 45
46 1
1 47
48 1
49 1
50 1
51 1
52 1
1 53
1 54
1 55
56 1
57 1
58 1
59 1
60 1
61 1
62 1
1 63
64 1
1 65
1 66
67 1
1 68
1 69
1 70
1 71
72 1
73 1
1 74
75 1
76 1
77 1
78 1
79 1
80 1
81 1
1 82
1 83
84 1
85 1
86 1
87 1
1 88
1 89
1 90
1 91
1 92
1 93
1 94
95 1
1 96
1 97
98 1
1 99
100 1
1 101
102 1
103 1
104 1
1 105
106 1
1 107
108 1
109 1
110 1
111 1
1 112
113 1
1 114
1 115
116 1
117 1
118 1
119 1
1 120
121 1
122 1
1 123
1 124
125 1
126 1
127 1
1 128
129 1
1 130
1 131
132 1
1 133
1 134
1 135
136 1
137 1
1 138
1 139
1 140
1 141
142 1
1 143
1 144
1 145
1 146
147 1
148 1
149 1
1 150
151 1
152 1
1 153
1 154
1 155
1 156
1 157
158 1
1 159
1 160
1 161
162 1
163 1
164 1
165 1
166 1
167 1
168 1
169 1
170 1
171 1
172 1
173 1
1 174
1 175
1 176
177 1
178 1
1 179
1 180
181 1
182 1
183 1
184 1
185 1
186 1
187 1
1 188
1 189
190 1
191 1
1 192
1 193
1 194
1 195
1 196
1 197
198 1
1 199
1 200
1 201
202 1
1 203
204 1
205 1
206 1
207 1
208 1
1 209
1 210
211 1
1 212
213 1
1 214
1 215
216 1
1 217
218 1
219 1
220 1
1 221
1 222
223 1
224 1
225 1
226 1
1 227
1 228
1 229
230 1
231 1
1 232
1 233
1 234
235 1
1 236
1 237
1 238
239 1
240 1
1 241
1 242
1 243
1 244
245 1
246 1
1 247
248 1
1 249
250 1
251 1
1 252
1 253
254 1
1 255
256 1
1 257
1 258
259 1
260 1
1 261
1 262
263 1
1 264
1 265
266 1
1 267
268 1
1 269
270 1
1 271
272 1
1 273
1 274
1 275
276 1
1 277
1 278
1 279
280 1
1 281
282 1
283 1
1 284
285 1
286 1
287 1
1 288
1 289
1 290
1 291
1 292
1 293
1 294
295 1
1 296
1 297
1 298
1 299
300 1
301 1
302 1
1 303
1 304
305 1
1 306
1 307
308 1
309 1
1 310
1 311
312 1
1 313
1 314
1 315
1 316
1 317
318 1
319 1
1 320
321 1
322 1
323 1
1 324
1 325
1 326
327 1
1 328
1 329
1 330
1 331
1 332
333 1
1 334
1 335
336 1
1 337
338 1
339 1
1 340
341 1
1 342
1 343
344 1
345 1
346 1
347 1
1 348
349 1
350 1
1 351
352 1
1 353
354 1
355 1
1 356
1 357
358 1
359 1
1 360
1 361
362 1
363 1
1 364
365 1
366 1
367 1
368 1
1 369
1 370
1 371
372 1
1 373
1 374
375 1
376 1
377 1
378 1
379 1
380 1
1 381
382 1
1 383
384 1
385 1
1 386
387 1
1 388
1 389
1 390
1 391
392 1
1 393
1 394
1 395
396 1
1 397
398 1
1 399
400 1
1 401
1 402
1 403
404 1
405 1
406 1
1 407
1 408
1 409
1 410
411 1
1 412
413 1
414 1
415 1
1 416
417 1
1 418
1 419
420 1
1 421
422 1
1 423
1 424
1 425
426 1
1 427
1 428
1 429
430 1
431 1
432 1
1 433
434 1
435 1
436 1
437 1
1 438
1 439
1 440
1 441
442 1
1 443
1 444
1 445
446 1
1 447
1 448
449 1
450 1
451 1
1 452
453 1
1 454
1 455
1 456
457 1
458 1
1 459
460 1
461 1
1 462
463 1
464 1
465 1
466 1
467 1
1 468
1 469
1 470
1 471
1 472
473 1
474 1
1 475
476 1
477 1
478 1
479 1
480 1
1 481
1 482
1 483
1 484
1 485
1 486
1 487
1 488
1 489
1 490
491 1
1 492
493 1
1 494
495 1
1 496
497 1
1 498
1 499
500 1
501 1
502 1
1 503
1 504
505 1
1 506
507 1
508 1
1 509
1 510
511 1
1 512
513 1
514 1
515 1
1 516
517 1
518 1
519 1
1 520
521 1
522 1
1 523
524 1
525 1
1 526
527 1
1 528
529 1
1 530
531 1
532 1
533 1
534 1
1 535
536 1
537 1
1 538
1 539
540 1
541 1
542 1
543 1
544 1
545 1
546 1
547 1
1 548
549 1
550 1
551 1
1 552
553 1
1 554
1 555
556 1
1 557
1 558
1 559
560 1
561 1
1 562
1 563
1 564
565 1
566 1
1 567
568 1
1 569
1 570
1 571
572 1
573 1
1 574
1 575
576 1
577 1
578 1
1 579
1 580
1 581
1 582
1 583
584 1
585 1
586 1
1 587
588 1
1 589
590 1
591 1
592 1
593 1
1 594
595 1
1 596
1 597
1 598
599 1
600 1
1 601
1 602
1 603
1 604
1 605
1 606
607 1
1 608
609 1
610 1
611 1
1 612
1 613
614 1
1 615
616 1
617 1
1 618
1 619
1 620
621 1
622 1
1 623
624 1
1 625
1 626
627 1
628 1
629 1
630 1
1 631
1 632
1 633
1 634
635 1
1 636
637 1
638 1
639 1
1 640
1 641
642 1
1 643
644 1
645 1
646 1
1 647
1 648
1 649
1 650
1 651
1 652
653 1
1 654
655 1
656 1
1 657
1 658
659 1
660 1
661 1
1 662
663 1
1 664
665 1
1 666
667 1
1 668
1 669
1 670
1 671
1 672
673 1
674 1
675 1
676 1
1 677
1 678
679 1
1 680
681 1
1 682
1 683
1 684
1 685
686 1
687 1
688 1
689 1
690 1
691 1
1 692
693 1
1 694
695 1
1 696
1 697
698 1
1 699
1 700
701 1
702 1
703 1
704 1
705 1
1 706
1 707
1 708
709 1
1 710
1 711
712 1
1 713
1 714
715 1
716 1
1 717
718 1
719 1
1 720
721 1
1 722
723 1
1 724
725 1
726 1
727 1
1 728
1 729
730 1
1 731
1 732
733 1
734 1
1 735
1 736
737 1
1 738
739 1
1 740
1 741
1 742
743 1
1 744
1 745
1 746
747 1
748 1
749 1
750 1
751 1
1 752
1 753
754 1
755 1
1 756
1 757
1 758
759 1
760 1
761 1
1 762
763 1
1 764
1 765
766 1
767 1
768 1
769 1
1 770
1 771
772 1
1 773
774 1
775 1
1 776
1 777
1 778
779 1
1 780
1 781
1 782
783 1
784 1
785 1
1 786
1 787
1 788
789 1
790 1
1 791
1 792
793 1
1 794
795 1
796 1
1 797
798 1
799 1
1 800
1 801
802 1
1 803
1 804
1 805
1 806
807 1
1 808
809 1
810 1
811 1
1 812
813 1
814 1
815 1
816 1
817 1
818 1
1 819
820 1
821 1
1 822
823 1
824 1
1 825
826 1
1 827
1 828
1 829
830 1
1 831
1 832
1 833
834 1
1 835
1 836
1 837
838 1
839 1
1 840
1 841
1 842
1 843
844 1
1 845
1 846
1 847
848 1
1 849
850 1
1 851
1 852
1 853
1 854
855 1
856 1
857 1
858 1
859 1
860 1
861 1
862 1
863 1
864 1
1 865
866 1
1 867
868 1
869 1
870 1
1 871
872 1
1 873
874 1
875 1
876 1
1 877
1 878
1 879
1 880
1 881
882 1
883 1
1 884
885 1
886 1
887 1
888 1
1 889
1 890
891 1
1 892
1 893
894 1
1 895
896 1
1 897
1 898
899 1
1 900
901 1
1 902
1 903
1 904
1 905
1 906
907 1
908 1
1 909
910 1
1 911
912 1
913 1
1 914
915 1
1 916
1 917
1 918
1 919
1 920
1 921
922 1
1 923
1 924
1 925
926 1
927 1
1 928
929 1
1 930
1 931
932 1
1 933
1 934
1 935
936 1
1 937
1 938
1 939
1 940
1 941
1 942
943 1
1 944
945 1
1 946
1 947
948 1
1 949
1 950
951 1
1 952
1 953
1 954
1 955
1 956
1 957
1 958
1 959
1 960
1 961
962 1
1 963
1 964
1 965
1 966
967 1
1 968
1 969
1 970
971 1
972 1
973 1
974 1
1 975
1 976
1 977
978 1
979 1
980 1
981 1
982 1
1 983
1 984
1 985
986 1
1 987
988 1
989 1
990 1
1 991
992 1
993 1
1 994
995 1
996 1
1 997
1 998
999 1
1000 1
1 1001
1002 1
1 1003
1 1004
1005 1
1006 1
1 1007
1008 1
1009 1
1 1010
1 1011
1 1012
1013 1
1 1014
1 1015
1016 1
1 1017
1018 1
1 1019
1020 1
1 1021
1 1022
1 1023
1 1024
1025 1
1026 1
1027 1
1 1028
1 1029
1030 1
1 1031
1 1032
1 1033
1034 1
1035 1
1036 1
1 1037
1 1038
1 1039
1 1040
1041 1
1 1042
1043 1
1 1044
1045 1
1 1046
1 1047
1048 1
1049 1
1050 1
1051 1
1 1052
1 1053
1 1054
1 1055
1056 1
1057 1
1058 1
1 1059
1060 1
1 1061
1062 1
1 1063
1 1064
1065 1
1066 1
1 1067
1 1068
1069 1
1 1070
1071 1
1 1072
1073 1
1 1074
1 1075
1076 1
1 1077
1078 1
1079 1
1 1080
1 1081
1082 1
1 1083
1 1084
1085 1
1086 1
1 1087
1 1088
1089 1
1090 1
1 1091
1092 1
1 1093
1 1094
1095 1
1096 1
1 1097
1098 1
1 1099
1100 1
1 1101
1102 1
1103 1
1 1104
1105 1
1106 1
1 1107
1108 1
1 1109
1 1110
1111 1
1112 1
1113 1
1114 1
1 1115
1 1116
1 1117
1118 1
1 1119
1120 1
1121 1
1122 1
1 1123
1 1124
1125 1
1126 1
1127 1
1 1128
1 1129
1130 1
1131 1
1132 1
1 1133
1 1134
1 1135
1136 1
1 1137
1138 1
1139 1
1140 1
1141 1
1142 1
1143 1
1144 1
1145 1
1 1146
1 1147
1 1148
1149 1
1150 1
1151 1
1152 1
1153 1
1 1154
1 1155
1 1156
1157 1
1 1158
1159 1
1 1160
1 1161
1 1162
1 1163
1164 1
1 1165
1166 1
1167 1
1 1168
1 1169
1 1170
1171 1
1 1172
1 1173
1174 1
1175 1
1 1176
1177 1
1 1178
1179 1
1 1180
1 1181
1 1182
1183 1
1184 1
1185 1
1186 1
1187 1
1 1188
1 1189
1190 1
1191 1
1192 1
1 1193
1 1194
1195 1
1 1196
1197 1
1 1198
1199 1
1200 1
1 1201
1 1202
1203 1
1 1204
1205 1
1206 1
1207 1
1 1208
1 1209
1210 1
1211 1
1212 1
1213 1
1 1214
1 1215
1 1216
1 1217
1 1218
1 1219
1 1220
1221 1
1 1222
1223 1
1 1224
1 1225
1226 1
1 1227
1228 1
1229 1
1230 1
1 1231
1 1232
1 1233
1234 1
1 1235
1236 1
1237 1
1 1238
1 1239
1240 1
1241 1
1242 1
1243 1
1244 1
1 1245
1246 1
1247 1
1248 1
1249 1
1 1250
1251 1
1 1252
1253 1
1254 1
1 1255
1256 1
1 1257
1 1258
1 1259
1 1260
1 1261
1262 1
1263 1
1 1264
1265 1
1 1266
1 1267
1 1268
1269 1
1 1270
1271 1
1272 1
1 1273
1 1274
1 1275
1276 1
1277 1
1278 1
1279 1
1280 1
1 1281
1282 1
1283 1
1 1284
1285 1
1286 1
1287 1
1 1288
1 1289
1 1290
1 1291
1292 1
1 1293
1294 1
1295 1
1 1296
1297 1
1 1298
1 1299
1300 1
1301 1
1 1302
1 1303
1 1304
1305 1
1 1306
1 1307
1308 1
1 1309
1 1310
1 1311
1312 1
1313 1
1314 1
1315 1
1316 1
1 1317
1 1318
1319 1
1 1320
1321 1
1322 1
1323 1
1324 1
1325 1
1326 1
1 1327
1 1328
1 1329
1330 1
1331 1
1332 1
1333 1
1334 1
1335 1
1 1336
1 1337
1338 1
1339 1
1340 1
1341 1
1342 1
1343 1
1344 1
1 1345
1346 1
1 1347
1348 1
1349 1
1 1350
1 1351
1 1352
1353 1
1354 1
1 1355
1356 1
1 1357
1 1358
1 1359
1 1360
1361 1
1 1362
1 1363
1 1364
1 1365
1366 1
1 1367
1 1368
1369 1
1370 1
1 1371
1 1372
1373 1
1374 1
1 1375
1 1376
1 1377
1 1378
1379 1
1 1380
1381 1
1 1382
1 1383
1 1384
1385 1
1 1386
1387 1
1388 1
1 1389
1 1390
1391 1
1392 1
1 1393
1 1394
1 1395
1396 1
1 1397
1398 1
1399 1
1 1400
1401 1
1 1402
1403 1
1 1404
1 1405
1406 1
1 1407
1408 1
1409 1
1410 1
1411 1
1 1412
1413 1
1 1414
1 1415
1416 1
1417 1
1 1418
1419 1
1 1420
1 1421
1 1422
1423 1
1424 1
1425 1
1 1426
1427 1
1 1428
1429 1
1430 1
1 1431
1432 1
1433 1
1 1434
1435 1
1 1436
1437 1
1438 1
1439 1
1 1440
1 1441
1 1442
1443 1
1 1444
1 1445
1446 1
1 1447
1 1448
1449 1
1 1450
1 1451
1452 1
1 1453
1454 1
1 1455
1456 1
1 1457
1458 1
1459 1
1 1460
1 1461
1462 1
1 1463
1 1464
1465 1
1 1466
1467 1
1468 1
1 1469
1470 1
1471 1
1 1472
1473 1
1 1474
1475 1
1 1476
1477 1
1 1478
1 1479
1 1480
1481 1
1 1482
1483 1
1484 1
1 1485
1 1486
1 1487
1488 1
1489 1
1490 1
1 1491
1 1492
1 1493
1494 1
1 1495
1496 1
1 1497
1498 1
1 1499
1500 1
1501 1
1 1502
1503 1
1504 1
1505 1
1506 1
1507 1
1508 1
1509 1
1510 1
1 1511
1 1512
1513 1
1514 1
1515 1
1516 1
1517 1
1 1518
1519 1
1520 1
1521 1
1522 1
1 1523
1 1524
1 1525
1 1526
1 1527
1 1528
1 1529
1 1530
1531 1
1532 1
1533 1
1534 1
1535 1
1 1536
1537 1
1538 1
1539 1
1540 1
1 1541
1542 1
1 1543
1544 1
1 1545
1546 1
1547 1
1548 1
1549 1
1550 1
1551 1
1 1552
1553 1
1 1554
1555 1
1 1556
1557 1
1 1558
1 1559
1 1560
1561 1
1 1562
1563 1
1 1564
1565 1
1 1566
1567 1
1 1568
1569 1
1 1570
1571 1
1572 1
1573 1
1 1574
1575 1
1 1576
1577 1
1 1578
1579 1
1 1580
1 1581
1582 1
1583 1
1 1584
1 1585
1586 1
1587 1
1588 1
1589 1
1590 1
1 1591
1 1592
1 1593
1594 1
1595 1
1 1596
1 1597
1 1598
1 1599
1 1600
1 1601
1602 1
1603 1
1604 1
1605 1
1606 1
1607 1
1608 1
1 1609
1 1610
1611 1
1612 1
1 1613
1 1614
1615 1
1616 1
1 1617
1618 1
1619 1
1620 1
1621 1
1 1622
1623 1
1624 1
1625 1
1626 1
1 1627
1 1628
1 1629
1630 1
1 1631
1 1632
1633 1
1 1634
1635 1
1 1636
1637 1
1 1638
1639 1
1 1640
1641 1
1642 1
1643 1
1644 1
1645 1
1646 1
1 1647
1 1648
1 1649
1650 1
1 1651
1 1652
1 1653
1 1654
1655 1
1656 1
1 1657
1658 1
1 1659
1 1660
1 1661
1 1662
1 1663
1 1664
1665 1
1666 1
1 1667
1668 1
1669 1
1670 1
1 1671
1672 1
1 1673
1 1674
1675 1
1676 1
1677 1
1 1678
1679 1
1 1680
1681 1
1 1682
1683 1
1 1684
1 1685
1686 1
1 1687
1 1688
1 1689
1690 1
1 1691
1 1692
1 1693
1694 1
1695 1
1696 1
1697 1
1698 1
1 1699
1700 1
1 1701
1 1702
1703 1
1704 1
1705 1
1706 1
1707 1
1 1708
1 1709
1710 1
1 1711
1 1712
1 1713
1 1714
1 1715
1 1716
1 1717
1718 1
1719 1
1720 1
1 1721
1722 1
1 1723
1724 1
1725 1
1 1726
1 1727
1 1728
1 1729
1730 1
1731 1
1732 1
1 1733
1 1734
1 1735
1 1736
1737 1
1738 1
1 1739
1 1740
1 1741
1 1742
1 1743
1 1744
1 1745
1 1746
1 1747
1 1748
1 1749
1750 1
1751 1
1752 1
1 1753
1754 1
1 1755
1756 1
1757 1
1758 1
1 1759
1760 1
1761 1
1 1762
1 1763
1 1764
1 1765
1 1766
1 1767
1 1768
1 1769
1 1770
1 1771
1 1772
1 1773
1 1774
1 1775
1776 1
1777 1
1778 1
1 1779
1 1780
1781 1
1782 1
1783 1
1 1784
1 1785
1 1786
1787 1
1 1788
1 1789
1 1790
1791 1
1792 1
1793 1
1 1794
1 1795
1796 1
1797 1
1 1798
1799 1
1 1800
1801 1
1802 1
1803 1
1 1804
1805 1
1806 1
1807 1
1 1808
1809 1
1 1810
1811 1
1812 1
1 1813
1814 1
1815 1
1816 1
1 1817
1818 1
1819 1
1820 1
1 1821
1822 1
1823 1
1 1824
1 1825
1 1826
1827 1
1 1828
1829 1
1830 1
1 1831
1832 1
1833 1
1 1834
1835 1
1836 1
1 1837
1838 1
1839 1
1 1840
1841 1
1 1842
1 1843
1 1844
1 1845
1846 1
1847 1
1 1848
1 1849
1 1850
1851 1
1852 1
1 1853
1 1854
1855 1
1856 1
1 1857
1 1858
1 1859
1 1860
1861 1
1862 1
1863 1
1864 1
1865 1
1 1866
1867 1
1868 1
1 1869
1 1870
1 1871
1 1872
1873 1
1874 1
1 1875
1 1876
1 1877
1878 1
1879 1
1880 1
1 1881
1 1882
1883 1
1 1884
1 1885
1 1886
1887 1
1 1888
1889 1
1 1890
1891 1
1892 1
1 1893
1894 1
1895 1
1 1896
1897 1
1898 1
1899 1
1900 1
1901 1
1 1902
1903 1
1 1904
1 1905
1906 1
1 1907
1908 1
1909 1
1 1910
1911 1
1 1912
1913 1
1 1914
1915 1
1916 1
1917 1
1 1918
1 1919
1920 1
1921 1
1 1922
1923 1
1924 1
1925 1
1 1926
1927 1
1928 1
1 1929
1930 1
1931 1
1932 1
1933 1
1934 1
1 1935
1936 1
1 1937
1938 1
1 1939
1 1940
1941 1
1 1942
1943 1
1944 1
1945 1
1946 1
1 1947
1 1948
1 1949
1950 1
1951 1
1 1952
1 1953
1954 1
1955 1
1 1956
1 1957
1 1958
1 1959
1 1960
1 1961
1 1962
1963 1
1964 1
1965 1
1966 1
1 1967
1 1968
1 1969
1970 1
1 1971
1972 1
1973 1
1 1974
1975 1
1 1976
1 1977
1 1978
1979 1
1980 1
1 1981
1982 1
1 1983
1 1984
1 1985
1986 1
1 1987
1988 1
1 1989
1 1990
1 1991
1992 1
1 1993
1 1994
1 1995
1 1996
1997 1
1998 1
1999 1
1 2000
2000
1767 2
1270 3
1249 4
5 419
268 6
92 7
1245 8
1380 9
10 1050
11 1137
12 527
933 13
14 1868
381 15
683 16
535 17
18 878
850 19
1044 20
1768 21
22 1939
1236 23
47 24
610 25
26 1462
27 1421
1568 28
29 1913
117 30
1633 31
32 509
1825 33
1582 34
1086 35
254 36
1348 37
356 38
39 1043
790 40
1450 41
42 900
43 1666
1134 44
1916 45
46 1354
1508 47
48 881
49 201
50 1659
51 1834
938 52
908 53
800 54
55 779
665 56
1046 57
1349 58
1719 59
60 753
61 1530
62 1268
63 881
64 634
1817 65
1982 66
1189 67
68 1124
378 69
70 1566
71 1435
72 495
1189 73
74 100
75 421
76 1917
77 317
668 78
79 58
80 1085
525 81
82 633
83 1828
84 1024
85 1950
973 86
1698 87
88 1708
480 89
90 65
242 91
1404 92
93 169
94 1719
95 1568
36 96
1071 97
98 1660
99 171
623 100
101 922
102 619
103 894
104 1976
105 747
106 646
107 1199
108 267
1874 109
110 819
73 111
605 112
113 388
1360 114
115 139
116 1586
1363 117
1976 118
119 149
1091 120
121 1770
122 1586
1190 123
124 1940
125 1217
108 126
1442 127
128 913
1874 129
196 130
131 1902
255 132
133 743
134 63
135 1739
1886 136
137 1039
138 1233
139 1711
140 1465
141 663
1587 142
143 1049
144 1069
372 145
146 276
357 147
148 1215
943 149
150 46
151 159
152 1633
153 738
420 154
973 155
156 686
795 157
158 1751
272 159
546 160
161 539
450 162
163 1732
164 1603
1963 165
1157 166
129 167
168 1341
169 1050
382 170
342 171
127 172
50 173
1414 174
175 1707
274 176
921 177
1254 178
809 179
15 180
812 181
422 182
183 1924
1653 184
1332 185
186 388
822 187
542 188
96 189
190 1244
39 191
539 192
1363 193
447 194
1895 195
967 196
339 197
799 198
1220 199
200 1951
201 66
202 1685
265 203
889 204
205 1141
829 206
1551 207
254 208
59 209
664 210
822 211
212 1984
1726 213
214 150
1460 215
1752 216
217 132
1592 218
219 1187
1063 220
221 1316
222 1375
26 223
1655 224
646 225
204 226
227 655
228 1939
229 1154
230 121
231 1992
232 613
174 233
922 234
235 374
236 1136
249 237
1270 238
1905 239
240 1282
1946 241
242 756
651 243
244 1174
245 293
246 705
247 291
248 1285
249 876
250 133
251 1970
513 252
1666 253
254 1970
255 140
553 256
257 1604
867 258
259 581
260 506
261 618
262 1661
263 682
264 660
265 1578
1534 266
584 267
1080 268
269 1644
270 131
271 683
272 1982
921 273
6 274
1277 275
1845 276
1557 277
1513 278
24 279
280 1135
368 281
282 482
537 283
1169 284
1443 285
286 636
928 287
1912 288
289 704
290 1697
801 291
292 890
1830 293
294 1675
295 1914
42 296
297 908
1645 298
299 596
1897 300
301 1262
925 302
1685 303
1732 304
305 343
306 678
307 1966
308 432
309 897
310 835
311 1920
312 1994
313 1765
154 314
315 1580
1149 316
1791 317
1782 318
567 319
416 320
1839 321
1003 322
323 42
776 324
1466 325
1514 326
327 1105
279 328
266 329
503 330
950 331
1906 332
1417 333
1918 334
335 1930
336 1372
337 743
338 1335
1548 339
490 340
1096 341
1400 342
1906 343
344 1556
345 1012
1043 346
382 347
348 208
1588 349
1837 350
351 147
352 1549
353 1003
1420 354
355 358
419 356
357 1419
358 1273
1362 359
360 23
1015 361
1616 362
363 587
103 364
410 365
366 1772
367 357
1853 368
369 400
370 1093
371 1704
372 1326
373 242
1915 374
888 375
376 790
768 377
847 378
379 398
380 460
1656 381
684 382
383 1095
1388 384
385 1794
191 386
387 302
388 1469
637 389
390 947
806 391
1543 392
954 393
394 385
395 1115
396 632
1492 397
398 1082
399 1980
400 1761
1787 401
15 402
403 1304
1319 404
405 584
1304 406
1014 407
408 375
1796 409
410 1102
220 411
412 173
413 945
414 445
1187 415
416 991
1173 417
1777 418
419 1750
420 1309
414 421
422 1659
423 932
762 424
425 1520
426 1638
1432 427
446 428
429 1
430 595
431 1878
293 432
672 433
434 557
435 147
436 1386
437 525
438 1993
1959 439
440 1334
745 441
754 442
515 443
444 1961
1484 445
231 446
1026 447
692 448
449 10
450 92
1867 451
452 1130
453 1637
454 1277
149 455
456 1508
1802 457
458 709
459 1596
1800 460
461 183
462 1536
463 1321
1675 464
465 245
466 1148
467 66
1762 468
469 713
88 470
471 950
100 472
473 659
1837 474
475 748
476 1847
477 1196
478 534
479 442
1015 480
481 1078
482 890
545 483
1263 484
485 1889
486 980
487 267
1141 488
489 1449
490 788
1799 491
492 795
73 493
855 494
495 1717
1386 496
1248 497
498 1618
1318 499
1703 500
338 501
502 585
503 566
504 888
505 797
506 1022
507 693
508 1157
509 1835
582 510
511 24
512 1262
54 513
57 514
515 1308
516 324
517 774
518 1749
519 1152
332 520
521 251
703 522
523 96
524 762
525 1975
526 745
802 527
528 1706
1981 529
530 1775
248 531
1668 532
533 889
1895 534
535 1502
536 291
1289 537
538 328
379 539
957 540
541 545
670 542
818 543
1362 544
422 545
546 940
1171 547
548 168
549 90
1758 550
1768 551
1600 552
1378 553
1810 554
901 555
776 556
557 1427
558 606
450 559
560 989
561 426
562 1704
563 1116
909 564
1040 565
566 1910
567 212
276 568
59 569
570 506
1696 571
129 572
573 1636
574 457
575 156
832 576
88 577
862 578
236 579
1492 580
1376 581
582 531
659 583
584 1427
585 231
1563 586
278 587
588 1902
672 589
664 590
591 1169
497 592
722 593
1841 594
595 1558
1241 596
597 1190
598 1973
482 599
600 1930
61 601
1317 602
1722 603
604 260
379 605
606 279
173 607
608 1037
448 609
610 90
611 209
612 1972
711 613
1812 614
615 290
616 974
617 128
618 529
619 1426
1178 620
220 621
622 467
623 1758
552 624
625 1279
626 117
653 627
628 1891
744 629
630 398
631 50
508 632
894 633
1063 634
720 635
636 1800
637 1554
638 852
1420 639
640 805
641 918
1378 642
113 643
644 873
645 1212
1171 646
645 647
1900 648
649 1018
650 1724
1464 651
1961 652
653 383
904 654
655 550
647 656
657 368
582 658
1527 659
1653 660
146 661
755 662
1513 663
1332 664
665 756
1244 666
48 667
6 668
669 428
670 1419
671 1405
465 672
673 732
674 959
647 675
676 1596
677 458
1024 678
679 748
583 680
1581 681
1931 682
683 1973
1236 684
685 441
686 800
687 308
1461 688
1093 689
855 690
628 691
1975 692
693 715
821 694
517 695
696 1231
141 697
1261 698
896 699
1565 700
701 1834
702 1709
588 703
1722 704
705 911
1785 706
1583 707
708 1442
709 1012
1328 710
711 1963
665 712
713 1809
690 714
715 585
829 716
730 717
1932 718
874 719
720 363
301 721
1876 722
594 723
25 724
1617 725
469 726
727 991
728 68
1865 729
730 63
731 931
1841 732
733 337
734 1713
735 750
736 1449
737 1275
1001 738
739 361
740 1254
741 1580
1781 742
743 1621
1689 744
745 154
1115 746
747 809
748 494
749 797
750 945
751 1767
752 497
1341 753
1903 754
755 1323
512 756
757 1475
758 542
759 177
760 135
761 1481
762 184
876 763
308 764
1178 765
766 13
767 166
407 768
831 769
919 770
771 325
1128 772
290 773
774 872
1094 775
776 456
777 1344
778 1464
779 1117
780 1630
1476 781
782 1707
783 606
446 784
785 932
640 786
787 83
788 722
789 356
790 1213
791 1409
1327 792
793 655
913 794
795 1853
796 1342
797 720
287 798
799 630
186 800
322 801
802 565
833 803
1959 804
805 777
806 1150
807 30
83 808
1576 809
810 354
811 574
724 812
813 1565
992 814
815 172
378 816
201 817
818 1266
819 1082
1969 820
1711 821
822 48
440 823
824 210
825 1311
1121 826
1308 827
1470 828
829 1426
830 193
348 831
832 1689
833 1124
834 273
1525 835
1877 836
837 243
838 413
1769 839
840 1472
841 409
842 914
775 843
844 392
845 268
360 846
872 847
848 1376
179 849
1698 850
1071 851
852 645
513 853
1962 854
1985 855
1507 856
1953 857
858 1283
859 79
639 860
861 1993
862 670
863 1828
864 94
81 865
1964 866
867 46
1671 868
869 185
324 870
871 1245
245 872
559 873
494 874
1721 875
1486 876
877 521
1861 878
1686 879
880 1441
881 1352
1128 882
883 662
909 884
317 885
1268 886
887 263
1203 888
889 1163
890 1478
891 1865
1318 892
893 1045
1909 894
1360 895
896 1527
628 897
898 1551
13 899
900 1903
381 901
902 1728
903 1373
480 904
905 1792
786 906
1636 907
355 908
1487 909
910 682
911 663
473 912
1942 913
914 1388
183 915
1716 916
917 1068
918 1525
684 919
920 99
921 1985
922 176
489 923
924 500
1486 925
1177 926
927 1130
928 1067
929 598
930 1036
931 1462
1835 932
933 1022
801 934
992 935
936 385
937 863
938 1453
93 939
1125 940
626 941
1459 942
943 485
1940 944
945 1911
1506 946
1708 947
948 703
949 947
950 336
951 1885
952 209
123 953
954 1890
1535 955
1069 956
957 1061
958 857
1476 959
934 960
961 1912
1994 962
963 1033
1103 964
811 965
966 556
967 233
1761 968
1167 969
970 127
581 971
864 972
1990 973
1861 974
904 975
976 1909
1319 977
613 978
979 1091
1247 980
189 981
982 1776
983 409
1765 984
44 985
986 84
987 502
1380 988
989 1352
990 416
991 1981
692 992
993 1430
329 994
995 1611
996 270
547 997
460 998
1108 999
1000 635
1001 1478
1002 957
1455 1003
1004 255
1772 1005
1006 988
1007 1029
367 1008
1443 1009
1179 1010
1011 131
1012 510
959 1013
1014 342
1392 1015
1016 1506
1017 1271
1018 142
1019 1299
1020 667
1526 1021
346 1022
1023 361
1024 512
638 1025
1615 1026
1027 596
1616 1028
1889 1029
1030 295
1031 1950
108 1032
1661 1033
685 1034
292 1035
1731 1036
1747 1037
1038 1340
1039 444
1040 1293
1490 1041
1026 1042
1043 789
1044 58
110 1045
140 1046
1018 1047
1048 1045
1049 1969
1050 251
1044 1051
1052 1621
812 1053
1054 1487
1055 634
1056 669
1057 353
1535 1058
1965 1059
955 1060
1061 1343
1062 594
1063 1516
1064 1639
1905 1065
1066 1655
1067 1126
94 1068
630 1069
1070 67
1672 1071
1072 694
1729 1073
1074 1696
307 1075
1076 768
1077 570
1078 1850
410 1079
1817 1080
667 1081
372 1082
1083 974
1084 1709
754 1085
896 1086
796 1087
57 1088
1089 1839
1090 1746
1725 1091
360 1092
1093 923
1317 1094
1095 587
246 1096
421 1097
1098 134
1099 1461
1100 1558
1101 1224
375 1102
708 1103
1588 1104
1995 1105
150 1106
1107 910
1108 441
1109 1559
1110 67
1938 1111
1112 339
1113 1964
1897 1114
1115 1481
1116 273
463 1117
1010 1118
1785 1119
1120 1173
386 1121
1122 172
1728 1123
1124 1868
1125 1572
420 1126
115 1127
1128 708
1812 1129
1130 652
1619 1131
1132 29
1133 442
1134 489
1942 1135
1136 1404
1102 1137
1199 1138
955 1139
1140 691
1141 1956
753 1142
119 1143
1144 1886
1962 1145
1146 1639
392 1147
1148 724
78 1149
1150 1984
1151 1496
1152 1764
1153 954
687 1154
1155 1779
29 1156
1157 1920
1158 605
1159 1432
806 1160
1161 1520
1162 590
658 1163
752 1164
1165 1325
569 1166
1061 1167
156 1168
764 1169
386 1170
1576 1171
1172 1023
1173 434
847 1174
1175 433
1330 1176
1177 764
1759 1178
1179 1343
987 1180
1592 1181
1182 1746
302 1183
1184 1721
447 1185
1186 1373
1187 298
1188 1496
1349 1189
1534 1190
1500 1191
501 1192
328 1193
1194 1375
1149 1195
355 1196
1532 1197
1198 1855
788 1199
332 1200
1201 465
1202 662
1203 1326
1611 1204
1205 1286
1206 1014
1207 1224
1208 311
1209 818
895 1210
1100 1211
1321 1212
1007 1213
343 1214
1215 383
730 1216
1217 687
820 1218
413 1219
1220 728
1221 160
1222 1980
1299 1223
1224 900
1225 1988
1226 744
869 1227
1918 1228
1229 980
168 1230
1231 165
1232 298
1990 1233
863 1234
1810 1235
1236 1845
1921 1237
570 1238
1239 1037
329 1240
1241 25
799 1242
1243 820
1244 660
444 1245
270 1246
1749 1247
1802 1248
1249 1610
1406 1250
618 1251
1893 1252
1253 598
1254 651
920 1255
970 1256
1257 55
1258 601
260 1259
650 1260
1261 1914
1262 1456
1543 1263
1581 1264
1265 1170
1266 1095
1267 1490
1268 803
1269 968
877 1270
1271 1735
637 1272
1992 1273
204 1274
10 1275
1177 1276
246 1277
901 1278
1703 1279
1280 988
455 1281
1282 993
1731 1283
1284 1825
429 1285
1928 1286
1248 1287
1288 1927
1289 113
325 1290
1291 135
1292 781
1293 1647
1294 987
669 1295
1526 1296
1096 1297
1700 1298
1299 405
1300 1569
1977 1301
1302 1366
1303 93
1304 1595
1305 1888
119 1306
1307 1729
1308 943
1741 1309
1946 1310
405 1311
1312 400
1313 1688
1630 1314
1315 262
1316 778
549 1317
1466 1318
1201 1319
1320 938
1321 174
1283 1322
1323 549
1220 1324
1208 1325
5 1326
38 1327
1328 1258
1329 1078
976 1330
1435 1331
1332 432
1333 243
1334 1191
1335 186
1300 1336
1337 1521
704 1338
1339 786
1340 610
1341 1340
1342 503
911 1343
1647 1344
1787 1345
1346 761
633 1347
1057 1348
469 1349
761 1350
1351 449
1455 1352
1353 1532
1273 1354
767 1355
280 1356
1357 1058
523 1358
1011 1359
7 1360
1361 133
803 1362
1400 1363
675 1364
1365 1847
579 1366
1367 1330
1368 1965
1369 589
1174 1370
1371 626
1803 1372
925 1373
1374 1782
1375 560
989 1376
1377 1619
1416 1378
264 1379
1380 1528
1181 1381
569 1382
1383 487
1384 1617
738 1385
345 1386
1387 1460
1388 456
1389 568
295 1390
1391 727
1910 1392
1406 1393
650 1394
779 1395
1396 307
1397 1700
775 1398
1399 699
1400 38
1401 523
739 1402
1924 1403
789 1404
1405 184
1406 1046
458 1407
1103 1408
1409 428
1604 1410
1411 1154
1412 114
1054 1413
1872 1414
867 1415
1416 967
1417 1770
128 1418
1419 14
1420 726
177 1421
553 1422
1423 1706
1424 1777
1425 603
1426 736
1427 1109
1428 203
1690 1429
1430 346
534 1431
1432 852
1433 970
1434 693
1435 1794
1436 1951
1437 1233
1438 87
1439 868
1440 123
99 1441
1442 845
1443 1764
1444 763
1448 1445
1446 500
1931 1447
686 1448
233 1449
830 1450
850 1451
1452 732
1372 1453
811 1454
1080 1455
1456 65
1475 1457
864 1458
408 1459
1460 1179
508 1461
1462 274
1463 1932
1464 1876
1465 1456
1466 7
1467 920
132 1468
1469 248
784 1470
1471 367
1472 559
1473 583
1779 1474
560 1475
1289 1476
280 1477
1478 1500
656 1479
910 1480
358 1481
1482 1232
1483 278
1484 1572
1485 1603
1486 145
1487 36
1488 109
1489 287
1490 1713
1491 1781
1266 1492
1493 1231
1494 1275
1495 1121
23 1496
752 1497
114 1498
831 1499
1638 1500
1501 527
1502 193
1503 283
1977 1504
1395 1505
1506 640
1507 1913
1508 857
1921 1509
1116 1510
868 1511
1512 1167
1513 1414
537 1514
1515 1863
1516 145
1517 1556
1960 1518
1519 1470
1520 408
1907 1521
862 1522
1523 834
1524 579
1525 1587
1526 169
1126 1527
1528 485
1529 1923
1872 1530
283 1531
1532 502
437 1533
1534 566
196 1535
1536 755
734 1537
87 1538
1539 1232
1540 1738
1900 1541
552 1542
1543 805
1300 1544
1545 1688
1546 1877
1547 739
1645 1548
1735 1549
89 1550
1551 1548
1552 597
1441 1553
1528 1554
638 1555
709 1556
1557 434
1558 171
1741 1559
1726 1560
635 1561
103 1562
1796 1563
1564 1922
1565 1671
1566 130
1023 1567
110 1568
1569 1323
1570 1004
750 1571
1572 61
1573 1086
734 1574
1036 1575
510 1576
1004 1577
1465 1578
1579 678
1580 593
1213 1581
1582 1747
1583 54
1584 727
467 1585
1586 1287
1258 1587
1588 933
1137 1589
1927 1590
873 1591
1516 1592
1716 1593
1637 1594
1595 1578
568 1596
1597 1421
1148 1598
1599 1583
1600 1117
1762 1601
1602 1403
602 1603
1604 1447
619 1605
1606 653
1668 1607
1608 448
1609 1846
1681 1610
336 1611
1612 1100
1521 1613
354 1614
777 1615
130 1616
1617 139
1618 710
1619 414
109 1620
1029 1621
384 1622
1623 449
1624 547
1625 642
968 1626
1271 1627
1628 1049
1629 941
1850 1630
1631 535
1632 1152
1633 345
1634 796
1618 1635
518 1636
1637 165
1638 1309
623 1639
1640 878
1660 1641
1642 1690
1643 592
574 1644
958 1645
1646 848
1530 1647
1524 1648
1649 9
1311 1650
1651 934
218 1652
958 1653
1563 1654
1655 1600
1212 1656
1657 433
1658 263
47 1659
721 1660
705 1661
1662 517
1663 807
1799 1664
1665 1417
1666 146
1667 918
1672 1668
1669 632
501 1670
1163 1671
1672 819
1673 292
1674 832
1675 993
1676 597
1677 1557
1678 1389
636 1679
1680 1403
463 1681
44 1682
603 1683
1068 1684
162 1685
1686 690
759 1687
1688 1915
68 1689
330 1690
1863 1691
1692 1988
1085 1693
1694 1279
1325 1695
1696 1038
1697 561
1698 236
1699 941
185 1700
1793 1701
1702 81
1703 322
1569 1704
1855 1705
1706 711
1707 1038
1708 504
1610 1709
1710 384
1711 1484
1712 759
457 1713
1714 487
1916 1715
338 1716
1717 1328
1033 1718
1938 1719
1720 1792
1721 588
1722 208
1723 1450
504 1724
1111 1725
1206 1726
767 1727
1334 1728
511 1729
661 1730
557 1731
1732 976
1733 869
1751 1734
1735 726
1736 1867
1737 1917
1241 1738
1111 1739
556 1740
1813 1741
1395 1742
1743 195
1566 1744
455 1745
1966 1746
697 1747
1923 1748
792 1749
1 1750
1751 1928
1725 1752
1753 115
1409 1754
1755 440
26 1756
1757 1249
1758 792
1759 1191
1042 1760
736 1761
1762 1759
1763 1389
565 1764
1765 266
1766 1108
1767 1717
1768 529
1769 162
668 1770
1771 781
1772 1150
1348 1773
1774 1972
1775 176
1447 1776
1890 1777
1170 1778
1453 1779
919 1780
511 1781
1782 212
1371 1783
1784 1554
1208 1785
1786 807
1787 593
1788 1405
1448 1789
1790 1885
1891 1791
1792 1724
821 1793
1794 643
1893 1795
1796 697
1797 160
1798 473
1799 1052
1800 1430
533 1801
1109 1802
1344 1803
1804 694
714 1805
1806 1316
1536 1807
1808 1261
1809 1953
1810 1134
1811 642
1206 1812
429 1813
835 1814
794 1815
1816 567
1817 1285
874 1818
1644 1819
590 1820
1784 1821
1822 1582
1922 1823
1738 1824
1825 30
1042 1826
834 1827
1828 1416
1829 931
5 1830
675 1831
218 1832
763 1833
1834 1791
1835 191
1836 1011
728 1837
1838 374
774 1839
1840 631
1335 1841
1960 1842
1843 337
182 1844
1845 601
914 1846
1956 1847
1848 1686
1849 595
1850 314
1851 1058
1852 179
1853 363
827 1854
1855 1739
1856 1286
1857 897
1858 1282
1859 1196
1860 1181
353 1861
1862 1039
526 1863
1459 1864
78 1865
1776 1866
1867 928
1830 1868
55 1869
1870 1888
1871 589
1750 1872
1873 89
1874 643
1875 848
1327 1876
1877 923
330 1878
1879 121
1878 1880
1881 134
84 1882
1215 1883
1884 210
1907 1885
1595 1886
1887 1524
1995 1888
1889 1559
1911 1890
426 1891
1010 1892
1893 602
1894 691
301 1895
1896 592
1897 407
1054 1898
1899 249
1247 1900
1217 1901
1902 1040
1125 1903
1371 1904
1905 166
940 1906
1907 833
1908 1769
1909 1803
1910 531
1483 1911
265 1912
1913 445
1615 1914
1915 1067
1342 1916
1917 546
710 1918
1793 1919
713 1920
1921 652
1922 715
1094 1923
561 1924
1925 79
1926 1784
1927 830
1928 314
1507 1929
1930 1057
1931 14
1932 721
1775 1933
747 1934
437 1935
1936 699
1937 631
1203 1938
1939 1001
1940 518
159 1941
845 1942
262 1943
656 1944
533 1945
550 1946
827 1947
495 1948
1949 182
1950 778
1951 142
515 1952
1953 1813
203 1954
509 1955
1681 1956
1263 1957
1514 1958
1135 1959
1960 272
1961 658
1201 1962
1963 141
784 1964
1965 1052
1354 1966
895 1967
1105 1968
521 1969
1469 1970
195 1971
1972 1502
1973 1656
1974 639
39 1975
1976 526
348 1977
1978 1549
9 1979
1980 1287
1981 1392
1982 1136
1983 1472
1984 1483
1985 1293
1752 1986
685 1987
1988 1697
1989 794
1990 311
661 1991
1992 1809
802 1993
877 1994
1007 1995
264 1996
1997 1366
1998 490
1999 189
2000 714
