2000
1712 1062 4139
406 737 987
1512 43 1658
744 1762 1905
864 1418 3736
951 1298 3839
1965 563 942
973 134 7070
1102 178 6490
1296 787 7248
1973 1287 1245
79 72 7272
901 1868 5757
769 56 3101
1958 601 8035
1708 1119 362
1468 1588 6958
455 1498 2929
1241 73 5023
1623 317 2915
690 1069 5275
1598 1526 9578
1091 981 477
556 1533 2768
1719 533 1665
335 1404 2772
76 1760 3673
1412 1027 3772
201 1529 9548
1938 1591 1854
197 1789 4738
710 1654 4114
1070 817 395
431 1967 6957
1809 571 1056
602 363 9290
434 624 1968
1132 637 2795
309 1109 7503
1179 1629 4280
234 719 6182
817 1781 4795
432 300 9857
763 1269 3105
727 409 7714
208 441 7951
155 1624 6525
829 1916 3787
900 1449 1882
1682 1471 79
1751 688 6630
571 1434 5417
1015 895 2034
1396 1909 9325
1140 343 5458
135 1783 7378
1051 614 3167
303 485 4961
1665 1750 8134
1303 810 4842
1670 1484 3719
1367 717 8350
1909 355 3111
569 1638 9430
352 382 4462
1530 1034 8394
1411 85 7050
1076 1457 7739
359 287 5402
308 551 1498
301 1305 3269
1834 1727 7754
1853 897 3693
1424 1777 4408
787 601 6523
1114 300 6417
1302 1997 6386
371 478 6203
1737 16 4027
1301 539 9024
1378 1400 6801
884 1233 8461
1779 1980 1412
1678 775 4259
194 1555 3718
281 1552 7818
916 1035 7505
173 957 4489
1616 628 6367
252 1842 9136
1006 1207 8832
635 701 3022
689 1030 2696
1812 1109 1003
1314 1967 9646
1836 363 7791
298 934 5694
407 1758 5705
1223 1212 3031
1354 624 8489
563 863 7886
519 406 7238
972 321 6905
627 926 4969
1043 384 421
1104 1649 4304
1828 1685 2481
1082 608 4188
551 1757 7761
768 1093 6556
675 288 4185
211 1460 5372
293 1581 3364
597 705 3682
1526 468 9611
1492 518 1131
1871 1528 156
610 1363 6008
1766 170 9612
205 1256 6877
1596 342 8607
1501 1453 5268
1699 1453 258
1864 76 9944
351 1968 7041
650 90 7642
72 1170 9841
104 904 5711
1924 1319 2184
646 1794 1775
1829 446 3999
934 1331 6568
1742 1543 1895
217 333 6985
1582 249 7697
1485 1530 7416
1162 1390 8852
453 12 2477
1790 1209 7339
783 1838 8532
1005 1476 8757
261 740 4542
1988 724 5635
1843 12 7169
834 476 174
1851 1408 2755
1714 344 8494
1525 1535 4067
368 1161 6644
1866 573 1265
582 1512 81
1353 648 1537
85 670 5516
1882 1715 7436
1110 1244 5871
1370 960 1726
1748 186 9803
1776 244 1321
1291 427 672
1516 386 9296
698 1019 1862
284 1414 6253
526 1519 9463
693 1411 5037
218 1904 4435
1416 1777 6494
1099 1798 4794
1524 1230 9672
935 477 3061
196 1634 2289
314 1212 4926
10 1675 8103
148 239 3795
513 1866 9146
214 1032 8455
24 1418 5103
1238 1993 4417
566 990 9822
1885 126 4027
94 447 756
558 722 9636
802 1411 3906
781 1718 5406
1936 1751 8541
249 1132 1489
1672 953 5532
340 8 4390
1377 1866 7117
1594 867 8813
269 136 3969
1893 1015 1608
902 926 491
209 88 8654
920 1377 7428
1723 1500 8552
381 1799 1562
1328 1655 3975
1686 787 7565
63 88 7180
1734 1500 272
711 1712 4255
1115 502 4910
633 45 1449
1989 1079 4578
938 1323 170
1554 512 5198
1013 1794 7347
182 863 1237
1801 797 7213
921 690 7697
1275 115 1104
811 573 6910
1590 896 3773
621 1930 8701
565 1234 2933
1352 1635 8946
190 1417 8591
757 769 678
253 1911 5110
1349 747 1766
1890 1750 2424
1127 1723 7714
1007 658 3705
1405 1079 9534
1960 416 1790
639 170 6421
363 1789 1570
1505 782 8081
1761 1250 3461
1848 1998 1380
1578 112 9752
911 235 9458
1932 935 5314
1344 351 1524
1259 1703 7965
702 117 5431
1624 603 5482
1350 211 5579
1522 38 7081
966 525 277
1858 1634 6034
552 1405 6686
187 964 8015
430 569 9121
423 1059 2063
767 1003 417
181 1773 325
1333 1148 2176
640 784 7942
1038 1617 2233
999 1718 975
427 1618 5911
42 1255 61
408 380 5500
1220 79 915
1448 980 2075
785 1407 1640
443 643 4286
1514 371 7685
1229 446 4832
448 12 4011
1736 1732 3524
1199 1587 3564
279 705 8349
154 134 8237
1261 1180 1428
756 593 1195
607 1443 9957
664 200 4370
1345 112 6002
836 1766 4247
523 1789 5230
287 375 6592
271 256 8787
728 316 4998
1880 320 5742
25 762 218
666 333 1053
1002 1059 3101
594 1670 9288
598 478 663
1171 1660 9429
495 448 2225
1953 215 6209
939 387 2842
48 1803 4734
808 134 5238
1927 1909 176
1240 605 8250
541 1273 2272
222 763 7202
280 1902 7593
1559 1023 459
809 414 4301
777 1669 5209
1439 1766 1713
1093 778 5090
1725 1911 9388
1854 1568 1249
1571 1320 6700
1808 893 4436
158 190 6641
485 1812 1855
1142 772 8160
1903 1934 2775
885 1986 8770
1531 1525 2359
1539 1605 8899
963 1318 3822
499 596 7267
44 1102 9807
1264 1777 6936
228 447 9696
990 317 1689
266 688 7140
318 1584 2000
1867 363 5720
230 1676 6384
1381 200 4096
361 1369 9988
1403 1842 4933
1599 1757 3529
1838 1052 6598
1262 784 5767
1550 1367 5531
1802 1507 9332
654 1570 1247
862 975 7695
251 966 5261
682 189 704
1710 153 4765
606 1384 2896
328 1904 4828
715 1411 4031
1966 1670 8746
903 1610 7439
1566 332 4715
501 539 1111
1920 991 3289
1677 235 1153
838 25 5121
1066 1968 475
1609 169 2882
609 891 618
1915 1943 769
391 5 5282
365 873 5479
1702 1357 6303
868 1231 7729
618 1256 960
92 1262 7823
1228 1570 7943
84 1400 374
420 1489 7498
600 1123 2015
1941 1991 101
1209 1086 4421
203 1745 8165
1134 890 3594
752 431 3022
1062 1584 4643
1518 493 7079
1774 85 7736
1994 117 8265
593 31 7349
1342 313 7043
1121 483 2427
1746 1348 6521
612 1712 2367
1173 355 80
1318 563 7994
1178 809 1619
212 1904 9240
1784 1933 1297
416 1077 5433
1087 501 4829
553 415 7315
1182 1565 5901
1772 1858 2926
1855 470 3260
419 566 4022
1811 363 2248
167 202 4797
616 450 9509
1752 1644 1063
7 1840 6968
820 265 4252
1020 703 3900
1425 640 3561
311 1065 3488
342 1654 2463
1426 1732 2374
1696 1904 8274
950 503 4454
1906 407 6779
270 1817 3882
1351 675 4503
804 1500 5536
663 122 5285
446 437 7643
810 1840 5948
1316 1895 6210
70 1634 2180
1621 905 9471
815 191 4136
792 536 6465
1649 407 3274
1048 583 922
1796 1139 5118
1476 1796 5314
136 401 9742
1004 478 2850
1323 802 69
877 1749 3162
1432 423 596
1604 409 7260
849 816 6448
1743 1447 2334
1500 1331 3858
531 89 172
1542 1781 9541
1552 1484 131
622 1209 9980
760 461 8632
1769 513 41
49 363 1183
1773 1654 3895
1335 1526 6404
1887 1715 6529
798 452 8742
1813 457 7433
428 1346 4630
1979 342 1106
1120 1322 7981
1012 1142 4262
1511 383 6771
436 1407 4641
981 1214 8041
837 199 3940
206 963 3600
870 1434 4291
801 1582 1999
23 1693 3335
1687 1403 2609
977 934 7932
282 47 6708
1570 623 3572
305 1174 1499
1234 1077 4883
1996 1750 6670
1897 1464 8241
231 1459 4629
1794 1416 5307
1731 1139 1040
975 1555 914
1384 409 274
1967 1868 5594
984 1728 8513
1128 1736 3852
1486 926 9592
716 649 2725
1956 97 613
1278 1264 1061
968 1794 2251
608 1824 7137
1440 1143 7329
5 1744 5362
1031 1401 5521
385 1251 9171
483 507 9914
1997 539 4022
45 1253 398
998 134 608
962 158 661
1625 960 2184
380 1599 8185
909 929 7724
1647 370 4887
1346 645 8493
459 1487 6932
356 1273 9246
1577 705 8198
90 109 473
1549 1868 6567
1899 1396 217
1083 1426 8278
1441 193 3617
713 845 3829
512 1842 5172
1419 783 204
1611 1838 9595
110 498 3748
1298 1728 8738
1265 462 5917
1729 517 811
1358 399 3512
275 1090 1641
1085 205 7326
678 408 5782
204 1146 2311
1653 931 4254
1521 1479 5972
874 1272 4642
948 352 4198
1101 1693 2422
776 1591 3428
1562 648 1939
1063 200 8937
971 1946 7046
219 847 708
87 407 2895
1527 372 6502
1883 700 2675
1674 1630 55
1295 50 730
655 766 1698
1585 1466 8033
795 1376 2020
649 1256 7449
1754 332 9601
1389 58 839
857 292 5679
700 1363 8658
827 769 4521
961 1579 9400
1057 1781 3005
1069 276 7865
1862 1970 7647
1359 1331 138
1284 1970 2676
1166 360 4756
1581 1193 5559
59 412 2898
522 1747 2743
107 1447 5159
1693 835 1719
317 1572 5381
1429 990 3059
1726 551 6091
1715 858 2744
1877 411 8177
137 1079 2242
536 115 409
1634 194 5045
1058 382 2028
121 893 8749
1255 288 4053
1975 1377 4501
1307 1752 6355
1532 1340 9056
1850 833 1931
28 782 2148
1842 1930 9635
360 371 66
469 519 7756
943 1567 3986
1750 539 4039
244 1603 3127
550 1842 2119
532 1767 7056
233 85 4014
151 835 2996
1507 1077 7267
738 419 9818
896 1059 4623
199 1634 2575
1019 1264 3171
1193 1930 3924
1557 943 1248
1327 285 5261
1740 280 8398
1865 1818 9716
1177 993 8630
80 478 1588
1270 1004 5224
1428 1673 5566
883 7 2725
589 228 7302
120 1997 869
34 280 8855
1277 1659 7779
193 1181 891
914 667 2813
146 771 276
958 875 2149
1879 559 1271
1608 1343 5858
237 1724 347
192 722 3359
125 1948 6447
1018 224 3562
322 58 6673
812 1893 1911
1985 1679 7687
1181 745 3099
413 1406 4858
831 721 561
1258 921 3525
1955 1463 4856
1537 984 7531
1631 1570 2147
844 1284 3999
1158 1649 2840
577 1662 3561
733 1025 2578
1592 1142 8984
1283 710 4335
579 480 1546
389 589 9794
956 1449 2630
414 557 3010
1709 1736 1795
1513 162 4681
788 878 2702
872 369 9334
748 543 6984
1407 32 8524
1787 1243 6517
1995 925 1105
1037 1631 2510
1348 1842 8127
572 249 6831
1947 1394 2038
955 582 7018
1106 612 7048
52 1662 739
1806 476 4124
379 848 3698
1016 13 9148
932 566 5989
643 1113 5206
75 1980 4459
1317 1766 6543
1914 888 7369
658 717 523
1235 1484 8392
103 1247 7127
928 1140 3157
105 1211 1103
81 1617 5200
299 743 72
648 1320 7854
100 1187 4551
397 761 8184
1630 437 3848
1045 994 5609
591 1444 3321
1308 1338 2068
1422 1209 7004
128 1937 3275
692 1739 968
1878 602 3417
1375 1786 472
701 363 1001
254 327 3259
490 983 1037
1450 891 7842
680 1669 5160
61 481 9574
1414 300 9284
220 818 7791
717 332 7437
773 367 6285
893 1564 2115
1157 1960 1779
1330 1794 1900
1224 1043 4264
1480 300 2496
922 1673 2516
130 239 3468
113 999 1113
169 719 351
1622 923 8455
1540 1203 1328
544 1803 4662
55 740 5558
596 1171 7280
454 1433 9982
304 505 3124
68 351 2185
91 535 6133
910 1763 9963
13 675 2041
1170 551 7837
1239 57 3275
1434 1993 7308
1167 969 3753
1872 628 6264
67 1195 886
1847 1726 7542
854 227 4281
1771 497 9150
272 1980 1324
994 284 8110
1202 898 1982
95 884 2629
677 240 2753
747 157 600
213 186 6125
250 153 1585
276 1498 1691
987 696 8267
1675 782 1019
1912 688 9063
1846 1625 5055
494 1262 2410
1075 1963 1949
119 1170 509
1755 1363 7985
1154 1906 3164
797 506 6345
1053 1238 6567
1930 1838 3319
1008 1007 7183
1116 1535 2652
753 1990 6073
166 731 5455
440 1114 9600
568 1145 3861
1520 1022 5737
1447 1667 837
927 293 3035
1868 1760 4951
509 1715 4898
347 1844 8569
1305 1332 7598
669 960 221
923 476 4930
895 1811 7257
1175 186 1254
786 202 8342
1156 568 7909
1135 1757 4353
1017 1570 6831
54 957 8989
1192 1811 4504
1117 171 351
411 302 9543
471 101 9169
1749 153 4009
1730 1354 5663
1648 1407 7899
319 1252 5885
1237 891 7139
472 212 4239
913 736 8008
488 135 8000
354 1363 4117
1580 485 3980
642 1856 1979
1068 1179 8021
813 841 9484
476 539 1665
1716 1381 4304
69 1620 3083
1054 1725 8035
383 211 3246
467 1270 757
1969 1950 5725
227 1866 2409
1172 874 6574
109 688 5783
1443 1426 3994
1700 715 4874
1322 853 8542
1437 956 8002
106 412 1533
740 271 1763
1892 1211 1660
1504 422 3765
1366 1328 8181
2 1061 2562
989 184 8293
1337 934 6299
1785 1037 1261
243 1456 8243
1538 133 3717
1627 614 5618
695 1257 1588
1088 1503 7523
1633 76 5897
634 1634 5910
153 1998 6518
273 1367 7992
779 183 5680
1216 371 3766
1921 783 9190
12 1034 1496
310 1631 3940
588 184 1639
1789 1945 519
1288 252 9422
395 571 9313
843 367 8276
452 1132 8617
1095 1483 4031
1293 1319 3184
1579 1465 4844
1285 327 2183
392 46 3550
442 1677 3200
57 288 8362
529 1579 8435
1343 835 4554
1694 1999 4572
743 1930 6107
210 907 731
720 1757 2735
327 307 2051
1481 1673 4363
302 1405 1228
1290 1791 4633
731 1238 9202
822 1432 9592
393 1625 2483
463 923 7799
1024 1049 7236
1640 1369 5374
736 657 2957
229 888 6101
1711 1119 3224
168 1763 3642
294 1086 2582
545 1930 7120
1659 717 6666
1637 605 9050
1226 723 2732
1274 1655 5828
1271 538 8519
882 1191 4411
705 511 9580
1438 990 6128
765 1214 9085
412 1970 6201
1250 639 1875
1738 1438 4848
1195 249 2008
1976 590 1074
39 1272 2285
741 998 4161
1483 1239 3301
1230 82 5506
1444 298 3224
1035 1959 3696
1021 1693 8481
1614 1605 7095
1722 1921 5553
1588 1090 3834
924 798 4362
1292 1560 557
929 1416 8997
1563 1610 3292
1944 859 220
1597 931 4434
489 1923 6384
1133 1702 1730
1929 1240 8452
1074 1960 1746
374 984 160
47 355 9659
1147 790 9264
1497 287 2859
1760 134 8642
814 1460 9759
1660 1114 2302
353 1170 3110
1339 456 5310
400 150 6326
191 893 378
1818 1959 5671
111 704 9310
1963 360 1383
358 720 5975
651 364 6325
952 725 2153
782 1749 7942
584 427 6986
267 658 9492
1415 256 8917
930 1693 5018
321 1572 3385
527 783 6617
1246 1679 5831
387 1599 6903
1763 635 2728
1479 115 9850
1753 1767 6660
617 1256 9553
58 308 1883
645 1474 316
86 1437 912
1227 132 1503
1410 617 2409
268 783 3362
1273 627 161
1073 218 2756
546 602 1782
475 186 7908
417 1055 8012
687 707 9606
614 47 9399
1245 946 5268
1778 990 9253
165 212 8186
1502 1778 7682
1591 244 6745
737 460 2657
842 1527 6005
447 675 2986
503 1321 6855
186 472 7047
1917 1781 7084
1191 1570 5510
1382 1698 2740
1360 125 6298
1111 142 8516
71 121 7498
1896 1216 7780
1692 967 688
585 890 7553
1946 153 4282
1249 498 2380
1022 235 3597
1950 308 7354
313 1623 6829
1482 375 9346
1668 333 9527
1747 646 9154
1663 1130 2712
949 648 3354
307 1403 8722
965 363 3056
749 730 8846
906 1461 5002
1130 210 3493
1835 548 9943
200 1757 4357
144 623 3926
1583 810 67
1533 547 4029
613 40 7523
1077 1214 1347
1282 1976 6609
1499 1766 311
138 1437 5116
487 1139 5511
101 602 1685
1819 1553 2714
819 763 7909
1547 1702 5430
344 1235 8628
274 582 2042
807 1200 4099
592 1349 8150
1721 966 99
64 229 990
897 794 9403
225 79 9467
1231 292 2710
221 1706 3658
1874 1868 1746
438 195 9626
325 1128 8626
312 1608 3202
1690 1819 7261
1589 1381 5929
996 1721 1390
1918 1251 7900
1548 1516 4354
425 942 3580
1536 1658 7389
1978 834 9486
62 870 6181
641 1059 505
1781 204 6836
686 678 4123
260 1969 5147
1972 1332 6052
505 934 3178
1030 102 5897
1986 527 1369
1798 1520 1282
587 1076 2610
1551 328 1436
1197 1617 3268
964 1300 7929
630 1185 785
1165 1345 2651
1759 282 4961
858 81 6605
1869 1572 5357
1152 1803 2042
982 860 2645
535 1792 4259
1937 1251 4315
409 783 6637
1803 32 1110
865 774 49
343 511 8592
1820 1294 1291
986 1428 4328
1214 1564 1419
1905 135 6624
1586 1191 9847
114 139 5615
905 1909 3687
1510 114 6273
1420 328 4167
98 1933 3202
159 1324 9
681 771 135
160 836 4785
1079 1824 4534
1876 585 3623
456 551 1928
1673 1564 5976
796 1923 4734
1029 1818 8180
1465 847 297
372 828 689
944 991 6320
1451 1211 5592
339 1035 2238
1735 1461 9011
1822 1483 6658
1373 1584 6485
925 653 9613
1385 740 2658
670 1605 4343
1635 1838 5842
1233 1305 7099
623 774 6770
1297 1342 4980
248 388 4515
1294 398 8179
742 418 67
538 1810 7163
122 1200 4245
549 1432 4089
1129 493 9256
1003 1275 5438
703 649 3298
1567 1675 2592
915 121 4233
1196 1255 3513
775 926 3113
967 1972 4453
548 512 113
1859 1772 8680
410 1519 2838
554 608 4918
1856 1408 9678
1267 383 9338
258 1755 9622
403 798 3056
1122 678 8253
1325 1428 3691
1176 885 2598
224 716 6943
830 124 1402
1800 662 167
1935 672 4372
1998 1760 5649
1137 707 2687
1667 1872 1811
1159 32 2206
156 1571 8837
345 461 2801
1799 112 3606
1200 304 5008
324 1310 9183
1244 1794 6116
474 661 1900
1098 1463 2205
1949 1269 7375
1376 1214 7437
367 1758 7803
140 1425 3579
1124 559 5147
1493 1392 9232
378 142 6793
1970 1930 7405
22 780 4967
1576 667 531
1816 808 3273
1982 780 4010
861 1113 9944
567 1580 5131
1371 89 545
1222 916 2085
1141 1673 4868
1841 1749 1692
1821 1438 9830
384 308 6085
574 1708 1519
1491 675 4588
117 1332 7597
1943 971 1598
619 1386 7071
1652 535 4751
1153 1409 7482
1680 1691 7206
754 1817 3800
1545 647 4300
685 200 2836
247 1294 8160
514 1939 8495
4 751 149
1706 1128 9646
1628 811 1699
988 1418 1226
21 1628 4994
172 977 5375
1587 637 8210
826 1617 8269
644 1314 1670
818 1976 122
918 1793 5348
850 1747 3966
1103 1872 3383
1777 1259 997
1981 547 6685
240 434 7793
1454 1350 841
676 1185 3157
278 476 7778
1698 1418 7291
1615 132 3986
502 1150 9711
435 381 2680
1400 1750 738
1168 1691 6807
277 1432 3512
1463 865 5604
590 1593 634
457 435 1580
758 513 8197
175 960 6620
853 859 2169
697 1959 8215
1560 1627 4442
198 156 5892
257 977 163
134 990 1516
1605 1998 4119
604 213 5593
31 1758 9852
238 559 1526
259 1869 8082
517 1781 3783
1355 213 550
1584 990 3960
82 462 3128
176 1274 6620
1603 1299 4553
1032 215 6151
557 637 4643
1689 462 5877
396 103 2209
739 1489 513
1728 1866 8611
362 1636 1503
824 1405 956
480 1468 6835
547 716 4083
444 1823 1655
1490 47 8421
6 462 1177
1543 1101 6178
439 1348 7322
1213 1185 6619
1658 557 4336
424 151 5034
1431 575 4869
1242 1551 2474
1243 1680 9798
1959 859 8427
1987 1308 1669
1962 1921 5152
1399 727 1000
1078 115 4753
515 522 6008
1409 841 2697
1455 1716 1554
491 1995 9224
1208 1446 8057
1618 1736 546
1334 1532 2193
1515 1143 3838
772 865 4246
1212 1421 3272
1805 822 7540
1221 1723 5647
889 1380 7612
537 1815 5480
672 1470 4741
931 1171 3082
183 528 8328
1697 511 9776
338 899 7475
583 688 6042
239 637 9336
595 1151 4716
1498 1052 8555
1717 1519 5741
855 1172 967
1942 583 6537
1655 287 8009
1922 162 1152
888 678 8083
805 408 8309
960 1421 5883
1380 1920 3632
142 679 5513
53 1474 6316
2000 1607 8749
331 1029 1289
145 292 8215
871 827 4683
73 991 1245
1679 1508 905
124 13 7464
1713 926 7919
1643 1838 6295
1324 1951 7965
1461 1407 3658
264 210 8374
415 1451 8665
991 1662 9394
1825 1829 7355
1904 197 9660
1602 1239 9455
1155 1287 1508
662 308 6150
1626 1012 4238
478 1970 6263
1645 999 4017
291 944 9754
375 1945 297
1888 5 2077
421 1928 7094
1720 1438 9570
177 1301 347
1758 512 5439
679 332 6752
504 1053 6156
1009 674 7216
1477 782 4809
1620 1703 1355
1681 1932 8310
481 200 6165
1423 81 6089
770 1890 5238
1933 1872 9387
790 74 1960
1084 1428 3339
1642 1649 4076
405 1080 5450
1097 925 4372
1945 153 6861
1452 54 4397
1472 1288 1577
382 1134 3369
334 1878 1405
1656 1214 3015
735 203 754
1361 1764 997
35 637 2152
937 269 4791
1433 1284 3924
696 1878 449
1517 487 5951
1150 1121 4481
1823 1055 740
1555 256 2355
1096 1097 8438
288 774 6106
1636 372 9655
799 504 7374
1368 1678 418
180 1075 9401
856 817 6130
562 344 137
1001 1567 8088
1745 1035 721
520 399 1098
1948 437 6503
1662 1483 46
636 774 8487
1572 1842 4131
561 1832 3946
1632 124 7396
1331 317 610
1870 145 3844
510 1707 3427
1795 762 9430
841 76 8457
1186 1256 4731
1321 865 3254
714 1753 7253
993 589 9457
1727 1121 9708
1260 25 3458
1362 474 5980
832 204 8055
540 1086 3861
1827 219 8659
1565 1230 1210
624 85 3177
1886 90 3779
656 1424 805
1033 1865 2635
246 1225 5684
1971 1392 8211
1925 1643 9143
1252 1416 9549
1049 1979 7204
1895 593 7409
348 1906 3765
83 1285 9932
1430 300 1430
1683 487 8444
1148 462 2187
1445 629 2181
816 860 7353
486 632 8815
780 934 6424
46 305 7973
1535 1256 8663
1783 972 9319
1732 1428 3080
1413 1245 5881
262 529 895
377 690 3011
323 244 7096
890 780 4735
1817 1145 8558
983 1818 8878
732 1128 1332
316 398 7747
1050 367 5488
873 1336 5462
1010 1423 763
355 462 275
683 583 5379
771 1736 3656
848 853 1241
605 412 4570
1601 1186 1123
1952 513 3905
1496 1345 347
1406 47 5159
708 1898 1070
3 219 8941
1340 1818 5854
560 252 5286
1218 359 5472
1151 1998 3818
542 487 4494
511 772 5941
1107 1156 5447
723 312 2229
528 1659 3194
1529 20 351
1852 1651 8543
149 229 4779
959 1476 606
30 285 5907
473 450 3174
1881 577 4296
178 48 1799
1666 551 6829
894 1152 3368
821 775 3162
1724 1617 4578
1143 324 5147
1052 1617 3139
620 1248 8857
1757 623 60
1957 839 3228
66 1384 5193
992 591 8211
133 1148 5793
437 808 178
825 524 5268
1484 1617 7254
1494 786 5952
1782 166 7857
794 583 2521
1025 697 8888
1788 891 2711
369 865 5206
498 1210 3541
1574 1906 8071
1786 31 84
534 581 7390
891 1483 8294
839 566 3552
793 551 1636
953 1111 1558
341 1318 7000
661 1878 286
1561 1725 4915
1661 1489 2971
1613 1662 552
350 1369 7153
37 188 9855
1356 122 9754
1160 1567 2116
188 1896 6404
1300 1488 8742
1215 527 5376
170 1712 7976
1217 1351 1444
1329 1269 2466
1961 1080 8058
709 1654 337
1691 1907 7423
8 1061 6851
9 191 2181
1391 157 3964
1164 360 5042
1894 42 9348
904 191 5118
887 419 4631
1503 711 6809
860 705 5860
1528 1974 5058
232 660 7086
1488 1419 9777
1059 1716 2846
1071 256 223
386 653 4574
364 720 5640
1741 1301 7359
333 1552 7008
940 1159 7301
1980 623 6043
1446 1480 2166
20 342 8323
942 1337 2206
1309 623 3558
1940 427 7038
1236 1769 1541
97 140 9480
1991 1930 86
147 911 8597
161 443 3187
1629 85 6175
1509 1878 9961
1149 975 152
315 835 8970
116 32 9889
524 1553 6908
1357 1105 4883
398 1803 9912
974 963 9418
115 1336 5515
878 656 6052
1211 1331 4520
152 1588 647
1011 965 4724
1390 1152 568
941 1770 8568
898 136 725
1860 1868 2083
470 1869 12
1478 940 4053
26 634 1810
778 1247 4838
88 1760 9357
1184 1197 9613
390 1828 4745
880 1781 3113
1392 1998 7687
997 631 6459
1780 1952 7209
1768 321 1641
500 730 2632
1374 311 9549
1564 1052 6575
912 725 2437
189 170 2477
1569 1323 1137
1804 457 7798
543 1552 8407
668 746 9459
126 1132 4386
497 1916 941
867 144 9807
1336 1749 5590
985 1732 8814
1408 1678 3841
947 1570 4135
1263 1949 9476
1824 670 1395
707 101 1133
1139 1811 8127
1814 568 378
1266 1483 5324
1844 1079 4352
506 1864 4689
1703 197 7173
1923 1670 248
1900 387 8182
1319 1392 685
1891 1466 833
1884 774 6754
479 206 7852
866 162 3678
516 1848 7549
1993 1842 57
823 958 863
286 1517 9585
1460 1449 324
1383 1757 7128
255 766 8845
665 887 6980
1113 48 6179
477 990 2334
1664 1968 1170
881 1634 4547
586 1775 7257
17 1703 2678
1304 1476 1275
65 377 7276
394 1209 6193
1797 1843 6207
1467 1635 3238
332 1803 4795
1299 675 2377
330 1449 20
1575 1388 1487
1705 1520 3166
1764 142 7582
800 1604 372
496 407 5491
179 346 6482
1119 1847 397
1861 82 8106
1363 1732 3375
32 808 4579
1332 1760 5378
933 991 389
852 688 6545
1908 647 2494
484 287 8491
835 288 6336
349 219 533
578 817 1953
1913 1089 8773
1026 705 1322
671 1090 1256
422 133 6233
433 271 9565
1112 1380 911
464 1581 4231
466 98 706
886 1460 9983
1654 1874 8683
460 1259 80
285 1896 2425
1276 1661 3385
215 134 9357
603 1065 1599
1268 631 9468
1190 1261 4504
750 1458 3025
1109 1998 8641
43 1954 4424
139 1148 4825
936 273 5251
1733 308 3107
77 511 9961
292 563 3688
1458 969 8994
1831 674 7539
1544 1689 6028
1397 447 9956
1347 1658 9786
721 198 9421
859 623 5359
1495 616 9400
1315 360 7911
1207 84 5934
1845 1400 1551
11 1479 1777
1313 1155 5480
1718 1986 2852
724 1948 8344
1462 1590 8414
652 1289 4505
1646 1404 3627
56 1998 1224
869 193 1914
1606 1783 9959
1600 1949 496
1875 1314 1163
1739 1829 7203
1612 1301 238
919 481 7904
1326 122 1951
1765 1389 614
638 640 7581
847 511 1785
657 404 4624
1695 1363 9856
1471 1760 1424
978 1555 1223
673 1967 5804
1487 1868 9453
688 1656 2276
1641 1102 375
1898 990 8351
174 1607 8139
1968 1461 8726
1916 653 70
979 56 6119
226 1573 519
846 993 7603
131 1907 5522
99 559 9456
1387 878 5342
1090 134 4888
875 1643 5031
38 646 4984
761 332 9996
762 667 1969
1203 1338 4610
1421 1643 6635
1610 1211 6895
611 1161 5805
96 715 2608
1365 1132 215
468 699 5332
1219 907 5240
1286 372 3327
1793 1049 3432
1072 161 9624
1320 716 8079
445 641 4283
127 218 6620
746 483 904
1118 1953 4079
1553 1456 9825
599 384 2079
699 1572 3568
482 6 8501
615 1917 8399
163 104 8447
1506 1974 2414
143 343 8366
706 765 6225
451 1945 7960
945 873 31
917 1452 4439
1188 1817 4564
1815 675 2216
899 455 543
704 670 1069
1205 1471 8805
908 1674 8860
129 1858 1021
1198 1560 9117
1999 1414 2082
1388 1643 4960
957 1121 8244
851 649 8500
626 1223 3414
789 383 2881
492 1943 5026
833 318 5455
1840 472 6049
1014 1482 6861
141 307 5395
102 1173 875
759 1121 5405
1257 1213 3984
1639 1312 5766
1508 548 9270
18 1642 9305
207 1284 8616
15 608 3078
1123 630 9867
1028 810 6864
1372 610 5010
1023 625 2817
1992 825 7144
1767 1159 6962
1210 612 5770
629 1779 4707
1272 1500 3066
1707 1920 2409
564 1990 8990
263 782 6203
1000 20 8622
256 317 2884
1254 53 9978
1791 1605 9684
320 859 1217
1453 57 431
1873 1632 7707
337 895 2684
1928 743 113
1826 1732 6663
1341 1588 447
766 292 9552
1225 1531 985
1281 678 2729
493 1256 2579
580 1210 6892
123 1409 4071
132 1606 5699
1092 59 4195
1338 1810 8190
366 1483 1368
1402 700 4193
1183 507 6221
1061 951 195
1100 1324 4090
1086 1998 3377
1464 1052 3213
1138 516 936
449 1423 3512
376 663 6446
1108 1566 4464
969 1592 1706
27 813 1696
691 142 9751
1089 596 9125
1595 1841 7973
1489 1986 9071
1849 1625 3704
806 139 2838
1047 138 4631
1519 774 2387
751 1723 46
559 1449 4818
1650 645 1757
631 1456 2039
1669 1113 7479
946 1722 8886
51 316 8036
465 1034 2105
803 43 6095
774 197 4510
1201 49 6176
1269 1993 2563
1523 1209 4971
1889 631 5753
1169 1447 6576
1185 360 5836
1676 1213 404
530 1762 9155
539 355 6179
19 731 4859
1194 1815 5723
1287 82 5060
508 511 2494
660 40 9748
1146 409 1555
1901 1034 2355
242 1635 7669
1312 971 6686
1435 282 7650
1041 633 2357
1394 1414 1486
1907 934 8957
1839 1800 8830
157 1570 6206
1456 1148 2269
195 730 2517
1379 218 2682
725 990 4019
1977 1496 8296
1174 1789 4636
1386 1428 2557
1951 784 4666
1685 1997 1172
745 533 7208
1466 1331 1179
1418 783 6999
78 811 5222
1770 727 7340
1568 1986 6089
33 572 3023
1762 1967 4258
1919 1483 6318
726 1028 1309
1065 1035 328
346 278 9661
1607 1053 771
402 1554 8634
892 476 2422
108 463 8334
1311 1216 3711
1469 1662 807
93 1017 7327
659 1070 4872
653 635 281
1939 256 1863
1832 478 1751
60 249 6816
1 34 1189
326 762 561
730 1939 2515
1034 1461 9148
1060 1256 4119
684 1560 5065
216 1686 5881
712 984 929
401 389 4645
184 1146 2852
399 1654 9101
521 906 7652
1984 563 7397
1644 439 7095
150 1197 69
533 1803 7881
719 1758 4890
1934 1231 4936
118 506 1813
1541 1424 3158
840 256 3978
290 1619 7258
1593 900 6370
1310 1336 735
236 75 6826
245 623 9924
289 1863 2866
1306 1136 3547
576 507 6286
36 481 778
1556 223 1001
1395 673 1116
907 900 4045
954 121 9745
632 1342 2284
628 436 3370
518 48 9899
1810 121 622
667 730 3329
1364 1750 344
1187 109 7884
1253 643 9286
555 1123 7900
1651 335 6875
50 1314 2727
16 533 4670
89 567 1347
637 835 7290
1475 523 9999
525 896 8540
1280 85 6106
1279 958 7880
74 1842 9482
1044 1555 9492
1983 1251 9847
1232 1131 9642
734 1993 9917
1080 1461 2602
876 1898 8334
112 981 1334
300 1139 1677
306 302 3173
976 1793 4132
461 1253 6353
1964 499 3967
1807 1000 9529
297 1122 9982
1247 1762 192
1954 1832 8567
1180 1777 7580
1756 530 9954
1145 316 9527
462 1332 6092
426 317 4369
1911 292 8037
573 1868 9484
879 355 9858
357 899 3518
1474 512 2571
828 993 9075
791 115 7293
1131 139 6137
1704 1499 7097
1449 1757 1170
1204 1242 9347
980 743 1990
1105 317 1332
926 1193 8062
694 747 3225
370 1139 9018
625 1953 3906
1206 1001 1243
581 1552 9460
418 1114 6458
1256 1673 5096
1671 1537 5407
1404 483 8425
1775 614 6571
14 200 4026
373 874 6207
1863 1123 1245
1902 366 2594
570 1992 6061
296 1449 2431
1056 353 5173
1094 1727 8277
223 201 758
235 389 245
1251 166 9030
1534 545 6583
1126 721 8507
1459 1740 8886
601 551 6068
241 1773 6079
1136 72 5841
845 679 6102
722 1946 1989
1910 1459 2161
1473 847 8235
202 1213 7051
1067 674 7807
1248 1716 290
164 1042 832
1638 1693 8985
1684 1892 8933
1837 1247 9111
1055 1580 5013
283 262 5814
1125 462 2253
265 674 8278
1042 1844 1070
1289 544 4423
1436 1570 9116
1573 1287 9554
755 1840 3648
295 56 5521
995 1417 2471
784 893 8610
1046 375 9889
674 1658 3864
429 1109 5890
1039 1045 5929
450 1034 6693
162 1911 4257
863 1904 4740
1657 604 4894
1161 678 6353
185 795 147
1688 355 6705
336 501 5653
1833 1178 8091
1393 1736 7793
29 1077 3085
1036 1837 3075
1558 1479 7399
647 716 3856
1457 922 6686
1619 1503 6782
1744 1678 1291
1931 1234 583
1427 1993 154
1064 493 7657
329 1576 5755
1974 84 6840
729 541 9652
1546 266 6811
1442 880 7484
1163 1597 6459
171 1216 994
1401 631 9127
507 1170 5604
1792 170 2467
1701 1979 8040
575 720 4500
1144 1747 7303
1027 802 6374
1926 440 2605
1830 716 1062
1081 1162 3275
764 1177 8072
1857 1124 6501
1617 308 7363
718 1916 8693
1398 1463 6784
1040 1581 7555
458 1146 3284
1189 1979 391
1990 1443 5587
1470 1003 3190
1369 847 2264
1417 870 5566
40 1029 4192
41 716 5805
970 1229 6365
441 720 5592
404 1177 101
388 369 7765
