5
920 5 2
5 271841
1 961069
1 58563
1 675330
5 255998
3 209179
3 597853
3 196067
2 544993
4 596442
1 771486
3 178390
4 270351
1 773067
1 576923
3 112908
2 173228
2 432489
5 173154
5 737311
3 881095
2 405414
2 519190
5 148459
4 688226
1 288028
5 95667
3 464967
1 98568
2 927705
3 75608
3 524587
3 316131
3 212590
3 858906
4 558145
4 64499
4 636471
4 101669
1 514241
3 176258
3 859182
2 710479
1 419500
3 520319
5 753736
2 170556
5 523262
5 647482
2 184193
3 798387
5 265742
3 652198
4 588525
2 206589
3 437977
3 558581
4 809573
4 170935
3 22900
3 424215
4 520719
4 392490
1 145677
2 428932
4 553350
5 745437
3 222549
3 548060
4 40458
3 731225
1 814549
4 163254
2 761145
4 974144
1 106513
5 854205
5 880130
4 200198
4 941471
2 519434
2 872203
1 519044
3 910696
4 781333
5 914185
2 164215
3 883375
4 586365
2 464837
5 932798
1 815805
2 477230
5 482358
4 992538
1 743912
1 214573
4 164480
4 396011
3 350153
3 523483
4 562618
5 664907
3 387431
5 788718
5 452104
3 262560
1 484289
1 442622
5 309250
4 330208
4 344850
4 92098
5 428715
1 307546
5 415151
4 977731
5 478658
1 481991
3 853875
5 388169
1 283796
1 152600
3 597734
4 246627
3 901345
2 755399
1 231999
5 542420
1 337354
4 625972
5 468315
4 568947
3 177241
1 581855
4 621359
5 297167
1 47271
4 920619
4 845728
5 940870
2 317313
5 351223
2 936358
1 828494
2 74981
1 711997
1 365981
2 733159
2 41690
5 451383
3 530899
5 967452
2 419686
2 813112
3 22919
1 595060
4 235478
3 469351
5 78676
5 408724
1 3908
1 513268
1 360784
1 874494
1 689594
2 194408
5 127798
2 844531
2 562350
2 527624
3 996473
1 270123
2 148982
2 714944
5 255892
2 761625
3 944772
3 780428
5 423103
5 61686
1 383811
3 518950
3 426749
4 434990
1 298406
2 684104
5 974328
2 151199
2 50500
5 279225
2 19990
3 447707
4 39589
3 497686
1 151979
3 579168
5 529242
1 593830
2 267714
5 97515
1 113206
1 734836
3 741712
4 281381
5 278695
5 958978
5 788824
4 457594
2 646012
1 894986
5 552484
5 478064
1 706338
2 747952
3 704105
2 476067
4 733740
3 783653
4 28438
4 931653
5 813181
3 865190
4 498829
3 864500
1 386988
5 646426
4 668554
3 813441
5 103258
3 730240
3 48980
5 941021
1 774180
2 97610
4 22715
5 95215
4 4820
1 485936
1 642176
2 69467
2 706490
3 616880
5 900516
1 527673
1 218193
5 812254
3 912269
3 980223
5 660279
5 826868
2 602998
2 136203
4 969167
3 945485
1 697141
5 278390
3 531353
3 579068
4 498309
5 999213
5 72677
4 170508
5 362150
2 84161
3 262752
2 224551
4 577297
3 604368
4 474319
4 650159
2 788048
2 652179
3 392141
2 332669
2 215502
3 640649
3 693959
1 592060
3 925759
4 505951
4 334051
4 549671
1 682663
1 399210
3 277866
3 857603
1 759406
5 695454
3 873177
3 970614
4 632479
2 84399
1 215227
5 569439
1 131522
2 549171
2 28619
2 735488
2 121200
3 673915
4 984474
5 664808
4 125863
1 629096
1 177876
4 497832
2 647423
1 853734
5 219068
4 20266
4 774170
2 549454
4 628712
5 568830
3 129751
4 573416
5 371202
3 92085
1 609187
3 448344
4 869200
1 456454
1 45098
3 867118
4 305565
5 287007
4 281602
3 152126
5 241716
5 436405
2 766483
3 465968
2 230638
2 155321
1 409371
1 691695
5 207212
2 291628
4 442712
2 805905
4 638475
2 684063
2 759556
5 516398
4 210547
1 640063
2 77753
1 616091
5 544090
3 413753
1 909871
5 348101
2 263128
3 542663
5 351526
5 799558
4 881223
1 825131
1 1006
4 142280
2 16172
1 249138
5 400275
1 946204
4 341200
5 39150
3 71544
3 252783
4 56190
1 627863
2 242198
2 592553
1 162138
1 770552
4 767856
2 865993
3 515587
4 373550
2 202446
2 298643
5 731680
3 29584
5 350446
1 461600
1 763283
5 977235
5 591677
4 215035
4 868698
1 114716
5 690902
5 4786
1 365460
4 425733
2 655853
5 936300
5 766383
1 331976
2 252421
5 635436
1 942817
2 31549
1 419147
4 616837
2 612583
4 52551
3 386080
3 643785
4 193361
5 130748
5 488569
3 529374
5 78013
5 362944
5 23292
5 824523
5 875421
3 160378
5 715140
3 942286
3 334945
5 776048
5 117968
3 205982
3 728794
3 605344
2 833207
2 330385
4 968400
3 951374
3 12308
2 221767
4 970267
1 455551
5 721278
2 201278
4 417197
2 983767
1 788154
3 5426
1 118323
4 591162
5 450486
1 83936
3 52728
3 955761
1 709111
5 3522
2 847211
4 353168
3 380015
4 657996
2 352928
1 402715
1 892674
4 145960
1 305006
5 330753
4 524701
3 970704
2 619091
4 250581
2 901976
5 578619
2 301722
5 270988
4 333278
3 801654
2 790852
5 816939
2 814969
2 701110
5 451197
1 346313
3 167425
1 10365
5 920658
5 368627
4 19888
2 994045
4 799435
1 607308
2 245702
5 918984
1 832954
3 57579
1 437352
4 898624
5 220839
5 662699
2 457830
4 868460
2 949926
1 136322
3 437422
4 859611
3 213888
3 116413
2 532388
2 521014
3 959126
3 980853
5 284745
3 297796
2 589432
1 297038
5 376492
2 922260
5 195810
2 732485
5 7980
4 278636
5 274015
2 628797
1 797842
4 631976
5 31985
3 582165
2 643808
2 207906
3 815786
4 376595
2 97204
5 454504
4 661756
1 297286
3 908742
1 837886
1 454122
3 712000
2 634243
2 118878
1 674184
2 828955
1 765588
1 563861
2 928439
2 315698
2 913850
2 267973
3 61047
3 292811
5 856447
5 602657
1 317825
4 22531
2 448412
2 281841
4 296145
4 439737
2 415790
4 281182
2 952271
3 748397
1 896237
4 767284
1 797813
1 253344
3 251371
3 65555
4 306866
5 210825
3 337601
3 86733
3 638037
2 381034
4 716210
2 80626
1 283746
5 684677
1 453965
4 647379
1 966523
1 232311
1 798873
3 595653
4 608060
2 146116
1 502958
2 803837
1 394588
2 138799
3 193594
5 431354
1 565982
4 233536
1 162724
2 347528
4 18569
5 71248
3 392217
1 39728
5 639448
5 117940
5 879866
3 823190
4 880746
2 830140
4 905048
2 139453
2 757122
5 443767
5 505138
5 46947
3 521342
1 945520
4 267578
2 177820
4 542060
4 600688
4 396619
1 700064
1 821323
3 165028
2 933223
2 823442
2 715604
2 27150
2 99846
5 861655
5 114093
3 420817
3 724585
1 442932
1 302813
2 884165
4 737863
1 649680
3 194106
1 799800
1 351977
5 68053
3 441552
4 593865
2 57128
5 895544
5 443371
2 607522
4 825375
3 26370
5 747847
3 781435
5 681597
3 732893
3 486079
3 129713
2 18912
1 697322
2 549095
4 698077
1 410896
2 149874
1 477787
1 86104
2 852863
2 55850
5 56980
5 806360
3 63742
1 254777
5 99727
4 592475
3 464757
1 26896
4 491734
1 721186
4 915611
2 205270
5 284354
5 405867
1 630620
2 998088
4 403199
5 924448
1 785743
3 43809
1 496670
3 27542
3 610812
1 839750
4 200734
4 853776
5 849021
4 11775
2 65145
5 523684
2 967097
1 857593
4 460996
1 632130
5 548733
5 475168
2 657617
3 466876
2 84637
1 172938
1 774206
2 780063
5 197490
1 467048
3 809112
4 734027
4 864186
1 77630
4 116213
3 534616
4 254166
2 275681
1 232194
4 648391
5 123275
1 705199
4 137237
1 138909
1 981376
1 850265
3 145025
1 580430
5 194100
3 287517
2 116590
2 726267
4 810746
1 683392
3 348940
1 633127
4 514820
5 520151
3 691742
1 457517
4 294783
5 652636
2 291434
4 840886
3 507140
4 803228
3 712996
2 93879
3 155421
3 776646
3 960412
4 463017
2 403097
4 629264
2 791980
5 765879
3 171641
2 38148
1 140393
2 478700
1 544714
4 304973
2 945095
4 483636
2 32818
4 966904
5 251435
2 545935
5 182251
1 29950
1 558994
3 860877
2 287321
4 619782
5 376998
5 267489
3 500302
3 35202
5 493814
2 676155
3 349249
5 374340
3 454161
1 387725
3 303483
1 342160
2 507784
4 393105
4 269229
3 750071
4 94633
3 98565
4 618358
1 294692
2 870832
3 899104
1 375963
5 904164
3 455511
5 177293
5 815993
2 355892
3 984875
5 426571
5 912822
3 371017
2 724998
5 903461
1 387447
1 574152
2 878097
3 150143
2 910834
3 631910
1 391561
1 389007
2 529021
2 798382
4 103828
1 606172
2 329375
1 399866
1 920782
1 945445
5 463526
4 204489
1 912147
2 386535
4 504836
4 922535
1 154944
3 314669
5 407394
4 77747
1 326263
3 450350
3 591256
5 808082
3 577065
4 798198
4 458621
4 457075
2 451566
2 514380
5 546199
2 921722
2 951187
4 186629
1 781737
3 362984
4 915194
5 914237
4 428776
1 254149
4 244697
1 925770
3 385219
3 166722
1 678645
2 904927
5 229511
1 884893
1 812872
5 44089
4 105455
5 686363
4 35773
4 331054
3 74227
2 539578
4 251933
4 273226
2 211648
4 813309
5 128081
5 61694
3 161689
5 56407
2 827394
3 449832
2 257000
1 92961
4 92544
5 903634
4 185943
4 484737
5 308395
4 841178
3 578061
2 985530
2 137587
3 2780
5 319385
5 814820
1 706182
5 275287
3 378669
4 671306
3 800235
4 735110
3 395878
3 860127
5 133491
2 927711
1 574528
2 656444
3 39544
4 794729
2 510410
2 522766
4 855365
4 122471
5 978809
3 277443
3 447400
4 880250
5 495582
5 332945
1 785283
3 774667
1 188339
1 970682
3 236660
3 811217
2 56836
3 167792
2 985462
1 945674
3 615416
920 5 2
1 219127
4 734748
5 202483
4 784259
2 787251
5 297962
4 719440
1 197077
3 747119
3 483445
2 717325
5 554581
4 570347
4 787816
5 186024
3 523984
5 874075
4 66707
2 678377
3 679331
2 947388
1 294889
1 337145
3 392183
2 295485
3 487185
5 662872
3 792145
2 911387
4 43148
4 398487
2 630900
4 186188
1 642176
2 334401
5 438687
5 283606
5 311992
3 714494
3 403120
4 711735
4 474765
1 331523
3 467176
3 175987
5 522316
3 147739
3 413976
4 887263
4 114455
5 88231
2 7432
4 549597
1 646240
5 969148
2 802320
3 197694
1 993801
5 165087
4 117305
3 625664
4 927802
4 775263
4 967036
1 939524
3 133205
5 337766
4 281488
1 456280
1 388224
4 754396
3 405085
5 738352
3 108368
5 51621
5 889385
1 158745
5 485802
2 213411
2 760454
1 299447
4 609629
3 765182
1 806649
3 80081
5 41611
3 310195
4 754611
2 711918
4 1717
5 866319
1 742113
2 970852
2 109365
5 817817
4 426519
4 212971
4 996233
5 968133
5 266811
2 649086
5 409267
4 525358
2 820266
4 126261
2 950840
1 772017
4 47778
3 997244
3 508907
5 710510
4 273465
2 574429
2 931562
4 489842
2 867239
4 342531
3 809008
1 154101
1 370170
3 747320
3 493203
2 579205
4 473944
1 551780
1 56451
1 25671
5 971440
3 805683
4 550474
1 451071
4 424882
1 95887
3 894052
1 513681
2 52008
1 359731
1 904955
1 966996
3 745271
1 245577
1 639144
3 478737
3 604913
2 510659
5 899911
2 2225
3 188928
5 281485
2 208297
2 26077
2 400452
5 938
1 203554
2 339529
2 638343
4 174153
2 989873
2 585882
2 969779
5 546967
5 264070
5 584118
2 205343
1 296154
1 768310
1 733435
5 480248
3 983351
2 292923
3 926224
4 478479
2 212453
1 934657
3 364014
3 18788
5 900170
2 757947
1 906003
5 499312
5 888739
3 284793
1 778955
1 361122
3 80307
1 685944
2 799750
3 695534
5 613429
3 644808
5 691246
5 658091
1 365129
1 145651
3 490763
1 196336
3 47719
4 134687
3 312167
5 700720
2 420903
1 448558
3 329037
3 431163
1 382634
3 232595
1 242803
3 152101
3 319417
4 601341
2 998294
1 297040
3 211928
4 855101
5 659617
5 17498
2 412358
5 874946
4 498424
2 836459
5 814126
1 474438
1 296247
3 402187
4 422298
3 130263
2 300663
3 833441
5 215281
4 750299
2 549836
1 454480
1 929555
2 374661
1 126708
5 450204
5 267162
1 408775
1 299423
1 407783
3 704995
5 187351
5 495387
5 775895
1 242821
4 42430
4 532203
2 222583
1 955959
2 510553
3 982627
3 586986
4 100991
5 446949
2 53258
5 996170
1 858884
4 832710
2 274159
5 946783
3 195051
3 764531
2 372535
1 901699
5 807555
5 265406
5 695575
2 148306
3 527415
3 180533
2 146207
3 728887
3 970260
4 367479
2 908830
4 859583
2 345808
3 32557
4 153783
3 599636
5 707774
3 532811
1 731680
3 776771
2 483012
5 914726
5 119807
5 762437
3 214656
5 58927
4 334926
3 514647
2 813531
3 196146
5 915069
1 940274
2 962240
1 472379
3 148161
4 635710
1 872940
4 864818
4 732173
4 241436
1 55437
2 236693
1 294306
5 667471
4 649636
1 892665
2 31732
1 269744
4 256435
3 279447
3 161677
4 9274
4 917172
1 482806
1 893649
5 685703
1 149198
1 42153
4 35658
2 217260
4 510581
1 642542
3 920156
4 397394
5 986503
1 580216
1 218722
3 398311
1 778938
1 88713
5 821566
2 427515
3 32256
2 706289
2 180651
5 621248
4 67849
4 215525
2 679068
3 385831
1 306946
3 162233
4 377198
4 297559
5 525885
4 93322
2 135824
2 341660
5 946671
4 231095
2 671514
1 510032
1 56945
2 166855
1 720965
2 973481
4 25130
3 821833
5 556108
1 804301
5 193109
5 743609
4 33332
3 258887
3 952916
4 520643
4 313448
2 857359
3 616277
1 675347
3 36558
2 922709
4 849875
3 483838
2 92674
5 619974
1 80893
1 549300
3 910158
4 443773
5 610462
2 671807
2 49747
5 472632
2 959566
3 816436
5 774228
3 218640
5 148661
2 736218
3 342030
1 729198
4 748095
3 499116
1 359481
5 674551
5 341131
2 660921
5 142461
3 835072
5 776453
3 842278
2 59760
1 490438
3 856445
3 91160
3 882979
1 418177
3 84244
3 250871
5 403753
5 703776
4 379973
4 119515
1 71366
5 523163
2 484580
1 32680
5 79187
1 670703
4 791517
3 736117
5 595418
4 473988
4 487168
4 368625
5 745796
1 564342
5 611320
3 484682
5 268062
2 825169
3 350025
4 555315
2 384539
2 865373
3 252025
4 463575
4 374283
2 141629
3 853408
2 96936
4 733650
4 76522
4 979735
1 136501
2 510714
4 430213
4 999162
3 468247
4 538427
2 372932
4 353999
3 635448
2 799445
4 23919
4 434578
4 797814
3 809178
2 521584
4 905534
5 307492
3 364090
4 796440
1 423312
5 735412
5 971492
5 449456
4 550908
3 545553
4 268815
2 933756
5 727866
2 583930
5 304470
3 674420
2 183407
5 517671
4 351912
5 379348
1 722561
5 550740
1 661766
1 395247
3 264065
4 22230
5 517230
3 526342
3 962914
3 680983
5 583607
2 676492
2 860209
2 422885
4 193829
1 636652
5 287995
4 296529
5 282272
4 823347
4 48624
5 568199
5 698618
1 84362
3 476948
1 367893
1 352262
1 787583
3 128817
5 120823
2 155475
3 808680
3 759446
3 481749
5 618329
1 409595
1 387724
1 679898
1 475453
5 380396
2 213889
5 183688
5 127713
5 348911
2 352930
2 576801
4 249853
4 702503
1 856472
1 133394
4 348778
2 804354
1 918076
2 714824
2 244200
4 359603
1 487089
2 166316
3 862927
2 972774
1 891508
4 22946
2 226993
4 965979
5 615936
2 370506
4 808202
3 620053
2 213048
3 543113
5 963270
1 894915
2 407023
2 681637
5 597435
4 331775
5 703613
5 686464
4 413568
1 166313
3 639764
2 538315
2 324096
5 318114
2 228980
4 697499
1 688566
5 276372
4 936624
5 308331
1 586209
5 836269
2 912147
3 808004
1 434261
3 402497
3 400193
4 556914
2 337051
1 750885
3 7579
1 708310
1 19437
2 789275
3 209192
4 640642
1 514562
3 908199
3 388909
1 963203
2 221097
5 851008
3 419573
3 423328
4 161454
2 402058
1 649488
1 678834
5 79455
3 306857
2 586815
2 353387
2 783695
1 977762
3 867347
5 460796
4 612213
3 571730
3 904219
3 768186
4 722492
2 587388
3 553290
2 128244
5 605202
3 491765
5 264335
1 987870
5 738240
1 178545
1 894089
2 184400
1 689656
3 494912
3 380507
1 360505
5 538967
4 736507
3 365027
2 842071
5 134331
3 458825
2 471697
5 256834
5 667454
4 998491
4 928697
4 754035
4 179265
2 251503
5 967077
5 450866
5 360237
1 877902
4 239121
5 799015
5 884896
5 829967
2 866755
4 921495
1 214627
4 674103
4 769141
5 499736
5 609478
2 127014
5 962112
5 408122
1 40061
3 633174
4 592317
1 212510
3 735438
1 131898
5 365928
2 134284
1 447642
5 702422
1 904524
4 446876
1 633933
4 199839
4 145952
4 430085
1 377443
3 409177
5 502088
5 274743
2 660083
1 171343
1 585389
4 581288
3 556668
1 944507
2 795169
3 237349
1 817797
2 574715
3 459824
1 473247
1 238535
5 420072
2 885
1 31256
1 356153
5 263325
3 44095
5 602277
3 354218
2 277410
2 621142
5 694396
3 236018
2 191030
4 535289
3 109772
4 17148
5 520846
3 731728
5 762275
5 101761
2 275413
1 926800
4 697356
1 257542
5 6819
3 989359
2 526857
4 974630
4 273503
1 623881
5 623724
4 577300
2 753069
2 581428
3 70319
2 248302
2 511769
2 862628
3 937165
4 762711
2 510509
5 319549
5 786208
4 865282
1 800364
2 889680
4 908789
5 66267
1 584941
3 417205
4 660196
3 11431
3 950642
1 578490
5 506612
4 915342
5 193913
4 555940
5 194460
1 412539
3 56438
2 905482
4 823575
1 656251
4 709908
2 699426
1 83254
1 312656
2 813030
5 299782
5 353345
2 724957
3 974792
3 227204
1 440872
1 81595
3 167616
4 206513
4 146401
4 680849
3 69599
5 671308
2 67097
5 863958
5 364336
3 439730
4 897839
5 794409
3 21005
2 158552
1 110102
5 465408
1 513255
5 251020
3 236094
5 337288
1 532631
1 855084
1 823552
3 626815
2 234824
3 713582
5 380765
3 646668
4 737966
3 133354
2 688512
5 509189
3 711060
4 950617
2 766919
1 632570
4 497351
4 27947
5 831170
5 576999
4 993425
4 331194
2 5520
4 641820
4 803000
3 738871
5 332896
2 888005
1 866865
3 921557
4 937131
5 196641
2 43692
3 287248
4 305144
4 415521
1 135625
2 6624
4 506798
2 624485
3 554291
1 142133
3 408980
1 651974
3 815050
1 261422
4 406445
5 507988
1 628237
1 426836
5 60285
3 159143
2 772201
1 186295
5 515191
5 913195
5 10169
1 928304
2 12871
4 280860
1 261816
1 751081
3 246686
4 611692
4 220053
5 164011
5 344627
5 777681
3 934746
2 934146
4 969434
2 701607
5 240104
5 292007
1 479240
3 461675
3 890599
5 279222
1 294874
3 722057
4 576123
1 888712
5 564044
1 769388
2 287771
4 165307
3 501816
2 891976
1 711430
3 79750
2 516051
3 899272
5 712085
4 772047
1 27299
4 678502
4 348344
2 509854
3 208630
5 989335
3 484304
1 257944
3 242161
3 326473
1 603707
3 822859
2 622146
3 482103
4 212822
4 37526
3 622387
5 98885
5 73835
2 435305
5 549150
1 190625
3 25961
4 991137
2 13402
4 777652
2 868101
4 889439
4 90487
3 984223
5 310337
1 166517
2 480068
3 543396
4 552219
920 5 2
3 841275
4 585642
5 374376
5 189574
2 577746
5 704253
5 846996
4 937145
5 850946
3 452375
2 167032
3 362040
2 2223
2 268993
1 904961
3 149954
3 509171
3 305039
5 534685
4 743370
2 774693
4 287472
1 583638
5 448646
1 551374
1 91912
2 909529
2 601580
3 570058
5 731162
2 715922
4 422239
2 88233
1 59375
3 716829
2 400410
2 261083
3 660706
2 519995
5 951113
3 705498
1 510310
5 295676
1 473167
3 815967
4 754358
2 824911
2 784876
5 800717
4 600895
1 837533
5 963576
2 707051
3 49299
2 620833
2 740661
2 403450
1 469224
1 522200
5 878968
1 75596
5 258631
4 503530
5 388266
3 283094
2 692005
4 333907
2 619667
3 299265
2 913854
1 543661
1 266375
5 721770
5 898649
2 229511
1 557325
1 476483
4 363436
2 794083
2 699410
3 65354
5 453896
5 807231
3 383829
3 549840
4 231895
5 561696
3 988812
1 583327
5 587220
3 264946
5 784382
1 467388
4 614101
1 883246
1 421629
5 92644
3 836912
4 698632
5 912864
2 421079
5 62507
1 308120
4 202200
1 922782
1 242545
3 336016
1 731051
5 589437
5 667128
3 543354
3 136657
4 895352
1 477884
5 664970
4 814531
5 507196
1 187451
2 282668
4 74086
4 329071
1 76011
2 198816
1 438547
5 186594
2 59848
2 617864
1 925267
3 408780
3 952160
4 686437
1 317306
1 317381
3 212661
2 21185
1 689382
5 666619
5 261756
2 978240
3 168199
2 271260
3 861794
3 535823
3 188252
1 799738
4 365003
4 467730
3 239026
3 66778
2 391898
2 649970
1 898113
1 922836
1 957242
2 117386
4 951809
3 391922
1 743432
2 621228
4 804746
3 751727
3 918610
5 805723
5 980039
2 475849
1 870641
2 543791
5 530725
3 424321
5 925748
5 11038
3 635195
4 792144
3 137946
5 663115
4 686929
3 874227
5 706652
3 471396
5 41343
1 317703
5 370148
4 712035
4 669332
1 524083
1 229641
5 608192
2 421291
5 565002
2 670996
5 599842
5 727884
5 387354
3 421994
5 598994
5 618451
4 51486
4 570344
2 400966
1 479268
1 786933
1 71127
1 904078
1 217831
5 769232
5 474512
5 220049
4 562405
3 492511
3 148577
4 854100
4 564259
4 201923
5 805338
1 2937
4 488775
3 317116
2 289782
2 675558
2 998166
5 943919
1 354653
4 221310
4 58686
4 165172
5 509745
3 994663
2 88472
3 53228
1 274351
1 424283
3 444000
5 784459
2 643508
1 409679
2 682929
4 161237
3 711792
4 493089
3 396084
3 800949
3 118043
5 473464
4 814889
3 551954
4 62184
1 149863
2 733890
5 425376
4 856369
5 396428
2 709610
4 24558
1 461705
3 957565
3 734114
2 828869
4 66559
2 697829
4 971744
4 243814
3 221718
5 993977
3 505974
4 841498
4 349992
1 153207
2 311213
2 740148
4 686073
1 105849
5 875668
3 694208
1 74637
1 791696
4 653462
3 822920
4 673611
4 882859
3 639070
4 731622
1 94933
4 20732
1 776847
3 518247
3 443458
4 659083
4 334848
1 218178
4 265980
1 40749
2 78536
4 837941
4 402113
1 933510
3 914261
3 922045
1 714470
3 168147
4 984444
1 429976
4 919173
3 414408
5 486676
1 472061
4 668416
1 385867
3 799174
5 209055
2 495084
5 657307
1 914790
2 810743
5 891588
2 982303
3 229943
5 6653
3 896141
3 11859
5 196452
4 990332
4 53823
4 767176
2 452807
5 892249
2 53129
4 211901
4 781342
1 120882
4 711633
3 12479
3 64489
2 751844
3 116819
4 743401
3 417968
1 349027
2 665084
5 735773
2 906483
1 662556
4 164526
4 447252
5 561483
5 596290
3 544076
1 186252
5 871300
2 336182
5 195928
5 243796
4 83578
1 883983
4 592310
1 367335
2 561414
3 69639
3 431440
1 427895
2 787215
1 196576
4 304656
1 79620
3 233335
1 634516
5 59596
4 681328
5 115458
3 724924
3 790699
4 434334
2 704367
4 836263
1 696598
1 112950
3 987974
5 824232
4 325650
3 683895
1 359139
3 983288
4 577910
2 748173
5 885518
2 144770
4 765034
1 223767
4 398449
1 806533
1 281519
2 811876
5 653570
4 774525
2 937173
4 348864
5 565472
2 897810
4 292647
5 850502
5 228501
1 304114
4 189714
3 628073
1 567176
3 810143
1 450463
2 442847
3 951578
5 225880
5 51532
2 826272
3 7675
2 781819
5 963008
2 641970
2 686537
4 688282
1 462461
5 532724
2 231382
1 58284
3 878721
1 63933
5 117412
3 904405
1 903205
4 134522
4 428687
2 263431
3 139082
2 419438
2 334258
4 653042
5 545734
5 120335
2 457630
3 925506
1 496921
3 846115
2 745647
5 596921
4 593020
1 195844
4 566042
3 395373
4 277584
1 976942
3 392982
4 643868
3 279791
1 828831
5 862652
5 250170
5 328784
5 770009
1 333548
3 485005
1 181446
4 69462
4 762215
2 179506
4 240771
3 327050
4 900857
3 96015
4 902201
2 475104
5 634892
4 165660
3 40425
4 634141
1 410728
4 96353
1 299772
3 690082
4 224355
1 311422
4 629754
3 685283
2 782738
1 344063
5 693776
4 537552
1 873965
3 861368
5 138306
1 237975
1 474659
3 637505
3 389158
2 926236
5 100244
4 711782
4 27151
4 66891
3 420279
4 864950
5 26298
4 526756
1 146917
4 540579
3 2722
3 415876
1 731631
3 490102
2 849555
4 56722
2 177299
3 212218
5 669284
2 260403
4 12116
5 375449
4 345941
5 714059
3 84732
1 757299
2 764359
5 803643
1 608607
1 453878
3 194777
2 617750
3 689693
2 877990
2 112054
1 901281
4 353991
5 545378
3 593273
1 232233
5 585196
3 471439
2 148999
5 562007
2 956629
3 760334
1 561345
3 362443
5 717456
2 284811
1 484942
5 174901
4 87115
1 85961
5 16430
1 554069
1 165701
4 811142
1 219262
3 143023
3 717323
4 483952
1 427514
5 101320
3 600725
5 958945
5 175349
4 524767
3 849678
4 414109
2 371916
5 846326
5 632932
1 120265
5 345855
5 222042
5 694442
1 684353
4 850173
5 536247
1 591893
5 86814
5 582048
3 363916
1 31290
5 282122
3 51244
1 445875
1 390607
5 233359
5 133203
1 20675
2 525232
3 575537
2 738137
5 57738
1 869301
1 670807
1 980351
2 365768
4 539702
2 927282
4 46756
5 91097
3 687389
1 579872
3 548851
2 313111
5 261734
2 149063
4 581837
5 190918
2 752715
3 572972
4 647898
5 705433
2 746267
3 58812
3 891458
2 729255
3 129025
3 194359
4 823956
2 745364
2 891515
5 814838
4 165550
1 503934
1 242025
2 926284
5 740035
3 299093
1 702791
2 720901
3 84585
4 721025
4 155278
5 805655
5 748295
3 842882
4 186589
3 627489
1 647308
3 214979
3 803360
1 857229
4 605649
1 921353
4 278331
4 378815
3 135607
5 2809
4 632605
4 548956
2 516846
5 971226
4 561433
5 589683
4 430695
2 536272
5 822791
2 1418
4 776254
1 741406
4 725745
5 151974
3 826117
1 26746
5 758518
4 765280
4 862293
4 952945
2 735372
3 132616
1 136217
3 88810
1 855437
2 975475
1 76859
1 457187
5 374065
3 432385
1 245761
1 514042
1 742781
4 142243
3 784744
2 853112
3 70117
3 515182
2 821808
3 804682
2 878734
4 356635
2 972539
1 79205
1 883569
2 324330
1 679347
1 762257
5 196825
1 129555
1 438085
2 452269
4 342926
2 993592
3 839162
4 622464
3 553145
2 60281
1 460661
4 609624
2 647366
3 195184
3 642695
3 131406
1 984698
5 492704
1 300209
4 150465
5 354410
1 288812
5 654069
5 559202
5 895962
5 428832
1 821478
1 4181
5 369835
1 238181
4 922396
5 81057
5 842014
3 171542
2 532475
4 602178
1 714628
4 972309
2 976174
1 504491
3 249766
2 69226
1 679910
1 300963
3 341132
1 255289
3 540633
1 462553
4 235583
5 245561
4 517378
4 623648
1 843734
3 177265
4 690475
4 925549
3 316842
3 380650
4 416538
1 201832
4 760109
3 387760
4 77388
5 497242
3 732375
1 719372
2 79934
5 961274
5 286037
4 739230
5 395319
1 149565
5 263781
3 620218
2 204775
3 71033
5 709364
3 313163
3 748218
5 874524
2 173928
4 630826
2 404904
2 588146
5 46732
2 325190
3 267274
1 787567
5 452141
3 506436
2 321735
4 690208
5 234453
3 80378
4 607732
1 238071
5 505604
1 219686
1 999530
5 961176
2 477061
1 386379
1 223948
3 390719
5 673692
5 311619
3 137364
5 522616
1 998333
2 119552
1 306116
1 401794
2 234150
1 761338
3 467597
4 999969
2 830343
2 474528
3 675093
3 600573
3 733582
4 542217
4 561170
2 425646
1 774337
1 164718
4 103424
2 320759
3 224357
1 625380
4 828959
4 271233
5 506768
5 312774
5 427868
3 932059
4 745118
5 794835
1 91639
4 703045
2 319460
4 636941
3 463565
5 194234
1 684890
4 545519
3 462022
3 804671
3 519512
1 928915
2 349608
1 297422
3 491208
2 929954
2 606150
1 295807
5 242227
4 847780
4 877270
1 237272
2 156535
3 240677
4 533913
4 891370
2 707381
4 321806
2 592707
3 613923
2 829122
5 474796
2 282317
1 536565
5 895822
4 157433
2 31831
5 463510
5 1099
2 613946
4 440124
4 521745
2 328747
1 868430
2 156106
1 379343
3 309098
1 493958
2 363236
3 977959
4 452759
1 420725
5 862541
1 881710
3 82060
5 950138
2 243548
4 317853
4 185869
3 426194
4 541021
4 874663
4 613092
4 258359
4 652160
3 115867
2 90117
4 794165
3 644116
3 754444
3 82576
1 97191
2 211136
2 57553
4 127522
1 706497
5 50286
2 470257
5 144004
5 226090
1 835302
3 840465
5 978468
4 649310
2 509768
1 771687
1 928510
3 641306
2 170011
3 354009
2 952204
920 5 2
4 231363
1 68481
3 824470
2 650821
1 403984
2 10804
4 78748
1 707598
4 982341
1 651779
3 130781
4 50257
1 472157
4 685724
1 940944
3 377591
5 173195
5 26430
3 730136
1 596760
4 24127
3 395998
3 178147
4 194186
4 403137
1 357435
4 779992
2 887703
1 838711
2 238018
4 577780
4 124536
2 218693
5 928669
4 691152
2 653381
4 283442
3 504788
5 858814
4 703738
5 146239
5 619349
3 71566
4 513749
3 90724
1 175066
5 773408
5 139911
5 386387
2 338522
1 187229
1 234782
4 932822
4 491365
3 506299
1 233288
4 782799
2 631874
4 47473
2 754280
4 908655
4 467359
1 25836
1 317805
5 748953
2 926300
2 181071
5 216868
2 163458
1 671092
1 569220
5 973140
4 605683
5 836155
2 873016
1 759536
4 910655
1 33324
2 813612
1 351412
3 780298
2 40474
4 981650
2 123297
4 371204
5 303918
3 187462
3 331738
4 454351
1 562083
3 302764
2 829146
5 591497
3 355291
3 662065
3 703565
4 414300
5 432306
5 16018
2 256035
3 782483
2 281522
3 501920
3 287027
1 502407
1 473424
5 824198
5 596810
5 354728
2 414433
4 360835
2 75691
4 880820
1 222563
2 561930
3 45426
5 607878
1 155410
2 484469
2 939291
1 723262
3 382244
4 187660
5 970558
5 263656
3 586926
2 544197
4 862803
3 280069
5 524035
1 878202
1 89275
4 399667
5 9946
2 367863
4 931065
1 628841
4 146402
4 752426
3 931645
4 545781
4 414874
1 566076
4 955861
5 649583
4 100176
1 861313
3 624919
3 185390
1 22728
4 258347
2 990011
1 816038
1 450168
3 370614
4 129231
2 779877
5 252613
4 643871
5 98925
3 104559
5 810441
3 200778
2 14376
4 769372
3 143433
5 574890
4 880963
2 906239
1 688641
1 384694
4 435986
5 29861
1 906781
4 352053
5 7174
1 753223
2 362451
5 296262
2 192184
3 19100
3 263543
1 406714
4 834605
4 479635
5 144371
5 841537
2 383836
2 954293
3 381720
2 602618
5 973042
4 990987
3 288935
4 696968
5 718838
4 231901
2 414886
5 944768
2 82624
5 575293
4 786249
3 63245
3 75751
5 695282
2 922458
4 884014
2 656144
4 302546
2 173546
2 443369
3 44816
1 122054
2 132659
3 640543
2 439040
3 537718
3 528842
1 701529
1 422765
4 614277
3 240529
4 178179
4 69083
2 584718
3 931709
3 819128
5 211193
3 11599
1 917524
5 771658
2 976071
1 867329
5 321549
5 283317
2 27496
5 967442
5 397196
3 747225
2 895872
5 126708
1 143197
1 566696
4 876883
1 912535
1 13332
4 374399
4 720506
1 695643
4 863350
5 157078
2 654749
3 175409
1 764168
2 985761
2 676668
4 861711
2 524322
5 974185
2 714938
5 201414
2 283152
3 942401
3 788951
4 364111
4 695888
2 425670
3 156443
4 549723
2 823723
4 525296
4 699419
4 789205
5 823577
4 782036
1 619837
3 677947
2 622481
2 308057
5 249645
3 424571
4 453065
3 647978
2 591711
3 580507
5 880821
4 118641
3 703737
3 910145
5 902677
3 434326
1 473764
5 437102
5 782653
5 472650
1 767262
5 764982
1 800723
1 372023
4 346474
2 941641
5 519152
2 385495
2 789234
2 392662
1 304273
2 549589
5 762103
2 971704
4 948457
3 172830
4 552478
3 789446
4 617834
5 465539
3 718835
1 344347
5 814993
2 554498
3 934976
4 114414
2 214420
4 598645
1 540239
3 29249
4 684058
4 875592
4 781066
5 710651
4 674036
4 199899
2 313114
2 848416
5 64834
4 632787
3 83829
2 405619
3 918848
1 29300
2 615210
5 170260
1 527716
2 390112
1 709546
4 73034
5 636186
2 587642
3 369995
2 733840
3 386413
1 592710
3 428492
2 665858
2 917818
1 607127
4 885285
3 173526
4 890263
3 122328
5 742620
2 875786
5 757490
4 261480
4 845452
2 214501
2 193924
1 745632
4 761794
4 10719
3 108621
1 380140
5 457093
5 687276
5 972148
3 121880
5 934708
4 780438
1 770073
3 592720
1 313464
2 206498
3 213465
3 172357
1 809999
3 986572
4 981972
4 749270
1 451223
2 52224
2 939049
2 917689
4 495471
3 999921
2 706659
2 464828
5 138186
3 564391
1 577090
5 147152
5 163453
4 595258
1 445384
4 172037
1 368560
4 81838
2 689632
4 597747
3 348168
3 510769
3 818778
5 110322
3 14168
4 477003
5 191759
3 781218
5 70213
1 459299
1 819923
3 97547
5 134829
3 423337
1 726018
3 770363
3 684434
1 689483
4 90640
4 706975
2 730363
3 766697
4 992381
1 142768
2 103333
3 379519
4 559899
4 321603
5 243730
1 477585
3 718528
5 53905
4 667612
4 689967
2 965815
1 276660
1 652257
5 840767
3 357938
1 655306
5 669899
3 770290
4 581755
4 88946
2 124793
2 745789
4 609966
3 761260
2 794300
2 617532
4 426819
4 785682
4 776976
3 72932
2 835430
2 531726
2 293528
5 904511
3 958098
3 42348
2 967061
4 608922
5 259420
3 201881
5 443321
3 619228
3 647285
4 503327
5 456430
1 603373
4 708427
5 747290
2 942821
3 729203
3 252479
5 598997
1 321210
3 793350
3 933224
2 186710
1 969560
4 273730
1 431812
1 514950
4 544624
5 458864
5 265993
3 470564
1 690091
3 787842
3 763619
1 696798
2 370017
2 170854
2 935876
1 155171
3 531695
1 785507
5 702434
4 142008
1 453732
5 384723
2 598155
2 596862
5 324348
3 276637
5 509528
5 13841
4 397407
1 559653
2 117133
4 65759
2 242131
4 780423
2 245386
1 599500
3 7261
1 861735
2 696305
5 418061
5 484494
2 557822
3 415845
3 39840
1 895259
4 548949
3 191787
2 751602
2 298461
5 781591
5 279999
1 802828
1 927045
3 390189
2 32613
2 565696
4 53142
4 151756
1 302224
1 595754
2 164879
2 314146
5 364685
3 309339
3 41072
2 324354
2 501812
3 543191
4 528759
5 311324
5 760089
2 634882
4 961113
5 531811
2 750982
5 968511
5 637372
3 112520
3 354178
1 999618
3 739778
1 852002
3 658545
3 294030
1 340158
2 112185
1 832872
3 163623
1 983816
3 522638
4 136243
2 693439
1 485886
2 219612
5 450023
4 920391
3 195956
2 791121
1 154655
2 73865
1 931820
5 522535
1 683509
4 980918
5 724027
3 102617
3 877515
3 627040
2 161207
2 337748
2 444359
3 670494
4 931477
3 601066
5 395778
1 472203
2 309455
3 125324
3 704935
1 92547
1 495495
3 212860
2 252580
5 937335
5 150655
2 118764
4 24452
4 415976
5 456470
5 509103
2 706168
2 329756
2 406405
3 515472
4 305411
3 683764
3 724924
1 474799
2 36128
1 392241
5 998383
2 912028
2 843973
4 944728
4 257976
4 5289
1 591533
2 67228
2 900458
2 643743
3 621881
1 169041
1 430459
1 60593
5 560362
3 665073
2 256594
4 217048
1 229467
3 473527
4 247546
4 73124
2 526999
3 396196
3 962308
5 467159
3 242294
2 468791
3 918179
3 467653
5 757047
4 942150
4 359720
4 710525
5 470334
3 291474
3 489986
4 553569
5 259129
1 845097
5 59207
4 268059
2 281286
3 741980
3 771704
1 198710
2 134366
5 908423
4 997933
5 344879
4 591619
1 527731
2 588188
4 943566
4 658812
3 822510
2 21396
1 646772
2 33312
2 976475
2 155542
2 41997
2 876550
3 885105
5 496884
1 168367
4 163488
1 997767
1 67797
1 620978
3 36452
4 454072
5 203368
3 832985
1 265889
4 585991
4 71919
4 299983
4 746847
2 606540
3 993367
4 981155
5 747937
4 802564
4 944168
2 199530
2 413850
1 423237
5 894147
3 351964
4 88773
2 872443
1 132043
2 845552
5 519167
5 512571
5 519738
4 923622
3 680413
4 378513
3 69434
4 494246
5 3437
5 926320
1 485152
4 861870
1 928604
3 397279
1 793872
5 472930
2 110581
2 62012
2 44271
2 856022
5 561734
2 614512
4 583461
1 468250
1 442552
3 838756
1 612115
4 532947
2 315120
2 689041
2 967302
1 606256
1 692069
4 993954
2 396438
2 921895
4 501583
4 144034
1 357748
3 159245
1 850997
1 735679
5 853271
5 129451
5 699097
1 872717
2 987856
4 534798
3 250576
5 264341
1 988702
3 351881
2 971264
1 832729
3 771909
5 632065
1 202719
1 854165
5 456346
5 740068
3 193976
3 926542
2 280362
4 801470
5 927035
2 508930
3 752741
5 815034
4 661747
4 114169
2 98024
4 925696
4 20086
4 412182
5 330397
1 757079
4 82572
2 560522
1 395434
2 766221
4 490863
2 482075
2 445549
2 203664
5 197403
4 114963
4 741919
5 968748
5 13187
3 888331
4 726852
2 826447
5 81790
5 231859
5 897417
1 483106
3 665701
1 306159
2 182964
5 51367
2 993019
5 442623
4 915492
3 683171
5 933095
3 478461
1 687122
5 446792
1 421835
1 652286
5 832992
2 770989
5 369929
4 383330
5 111575
5 454372
4 512115
3 110138
5 475044
5 755997
4 647242
3 835792
4 337247
5 536135
5 794828
2 456180
5 580439
1 491104
2 774937
3 244135
1 37094
3 594397
5 182894
2 361698
3 387271
5 997208
5 767904
4 20125
4 757222
1 481084
4 597466
1 747207
1 645721
2 112651
2 104461
4 525535
1 277581
4 200222
5 182653
5 21965
5 139875
3 808500
2 83291
1 853478
1 511520
2 869912
2 397080
5 278667
3 229209
2 204898
2 224952
3 728949
4 858880
1 663755
4 682690
1 555532
5 723940
3 251809
3 85322
5 541609
4 40163
4 247727
2 423516
2 103105
4 562450
3 831434
1 288536
2 300660
4 720209
1 863241
1 933745
3 868699
1 912196
4 690946
3 855177
2 152448
4 346973
3 307943
3 89086
3 412093
2 524072
2 172015
2 508068
5 200344
2 728209
4 191951
5 10376
1 129524
4 377154
920 5 2
2 263241
5 369922
5 872136
5 886951
3 114858
4 227620
1 822158
2 970403
4 28955
4 418824
3 389419
1 693634
3 152992
1 962586
4 297597
3 558856
2 102111
3 895281
5 265514
5 598115
5 950563
5 705038
5 51005
1 938831
1 245085
4 685680
4 629989
2 417769
4 617954
4 938539
5 360369
4 21616
5 754654
4 476034
5 630407
4 402227
3 10265
5 130698
1 576149
1 381096
2 657743
4 113053
1 739265
1 600227
1 682438
1 708571
3 958147
4 791261
5 279217
3 901512
4 4507
4 926730
3 665614
1 618062
1 647805
5 702666
3 158096
5 814909
1 419511
5 211270
4 398262
3 901102
5 110270
4 475033
1 968888
4 582190
2 389368
2 468496
4 626632
4 806519
4 505323
2 350057
1 234334
1 799269
1 259719
1 807327
2 991257
1 184695
3 225991
3 969770
3 672270
5 901744
3 919758
2 594426
5 710435
2 236060
3 99115
4 975973
4 915233
3 581995
4 317284
2 756643
1 568148
3 394058
4 126570
1 286254
2 183756
1 743523
4 983610
5 308844
4 158867
4 811710
2 519065
3 517756
4 398143
3 158187
5 464381
4 81541
3 980304
5 586187
3 524725
2 822624
1 201115
4 526302
5 987858
5 478929
1 675532
3 110864
4 813165
4 84370
1 43386
5 742782
5 43351
4 875745
3 83835
2 254289
3 161364
4 588189
3 983671
2 596184
5 638886
1 175382
1 755230
3 209931
4 215098
2 954583
4 332164
2 290815
1 409601
3 240755
2 457446
4 898451
1 695214
2 104552
2 395341
1 989498
4 573507
2 302181
5 378584
3 820740
1 661141
5 682348
5 713179
3 230520
3 445117
3 872291
1 767501
4 127482
4 375488
2 681197
1 367569
3 350347
3 290809
4 697430
1 600188
5 717916
2 547500
4 145718
5 355322
4 253231
5 395382
1 154946
1 650207
1 228620
1 742280
1 665233
3 843513
1 108280
1 528473
2 888680
1 635966
5 921583
5 639411
4 37306
2 64489
1 25339
1 884493
1 461851
5 238424
3 382033
1 115122
5 392990
1 999618
4 21185
1 531040
4 511182
5 466989
4 437353
5 589222
4 370997
5 11748
4 982156
3 91089
5 318881
2 825053
1 106552
5 895395
1 416994
3 581562
5 366736
5 831457
3 288253
2 351375
4 225271
5 961500
1 146668
1 812996
5 442398
2 934591
2 686126
3 79166
2 957323
1 313516
5 352768
5 513504
1 621829
5 880847
1 943674
4 305697
5 310472
2 215216
2 771589
3 374443
3 37123
3 461095
2 46470
1 132437
1 696340
3 226910
4 695459
3 591334
4 881863
4 523255
3 851493
3 664883
5 369656
3 47034
2 130423
5 30808
5 362059
3 731088
2 407706
1 546886
2 626634
3 674634
4 13730
5 439900
1 965126
3 473427
3 4439
1 229394
2 416992
1 347604
4 512362
4 424489
5 228948
4 847996
1 864687
2 179772
1 708793
3 687261
1 142764
5 851409
3 940846
3 99059
4 261463
3 651896
1 84871
2 844407
4 946818
4 923056
4 220179
3 24241
3 419400
2 170083
2 504406
1 298344
3 440745
1 709963
3 39090
4 156761
4 835039
1 927927
2 861285
4 105444
2 588129
2 137805
5 321124
5 171499
3 644117
3 173468
2 586101
3 908878
3 398537
3 478906
3 612345
1 750581
2 767574
2 680603
3 884687
5 403020
3 434200
3 543981
1 271840
2 822082
4 819025
5 359534
1 538052
5 839225
3 695744
4 475375
1 44186
5 326945
4 47211
5 629921
2 136273
1 946000
2 187818
1 251217
3 687595
3 104915
1 476738
5 164635
5 686959
5 341953
4 338907
4 795281
3 941474
2 100222
3 221391
5 571941
5 787132
4 379546
5 26257
3 616650
4 272860
3 579320
2 777361
4 894227
5 693340
5 142142
4 230241
3 256250
1 407598
4 117402
1 116691
4 288296
4 300889
1 14070
1 663197
4 941448
3 853072
4 123603
1 586579
5 717690
2 470737
3 10432
1 685513
4 373182
1 592173
5 274580
4 967866
5 420114
2 530147
5 526950
2 20373
5 449804
4 102741
4 462215
5 193604
2 227770
3 32410
3 419373
1 932638
3 758422
2 806709
2 416350
2 947950
5 39362
3 657957
1 67106
5 176694
4 6902
2 767836
5 205791
3 798974
3 825795
3 215580
1 818841
2 783582
2 502405
4 829215
2 925157
1 625246
1 955941
5 823810
5 811028
5 219031
2 451718
5 13285
3 296073
4 625952
3 192633
3 906936
2 340244
5 576367
3 150303
1 107991
4 772473
2 203519
1 87019
2 791877
5 119621
1 548538
1 992783
5 410179
2 34220
2 756742
1 668521
3 963130
3 262156
1 815824
2 955485
1 263933
3 631752
2 852693
4 226390
5 522064
1 856661
3 410360
2 699214
5 713363
2 860326
4 462805
2 175573
4 767935
5 642915
3 680019
3 85258
5 666609
5 873119
3 930840
3 559842
4 280180
5 602683
2 453897
3 870152
4 849888
5 844790
5 875185
5 177033
4 602217
4 991053
3 938056
4 61883
2 656386
1 991127
2 327645
4 262873
5 345160
2 906753
1 276743
3 21929
2 432592
3 382714
5 443920
4 936029
1 989208
3 119587
1 113935
3 39365
3 153033
4 241712
1 776959
2 640650
3 730913
3 916474
4 197028
3 524831
3 410038
3 407287
3 836303
1 58776
3 319486
4 820668
1 594753
5 109736
4 553275
2 128127
2 619214
1 608531
1 423852
4 765874
4 380598
5 762219
5 809390
5 73100
3 293080
3 64625
5 284242
2 975094
2 977217
1 603717
1 100030
1 699841
1 266036
1 269636
1 922502
4 785079
1 369824
5 300202
3 939677
5 886266
1 948754
5 295937
4 926514
4 445087
4 364639
5 123202
5 741026
5 880235
5 869690
5 412511
5 271350
2 220553
5 676422
2 354797
3 319000
5 850636
1 796726
1 340001
3 572161
5 915653
4 395888
1 293140
4 441969
3 846712
3 950714
2 130250
5 755203
1 446998
2 315250
5 263039
2 906139
3 954662
2 163267
2 268829
2 1225
3 635250
2 517847
1 729061
4 598640
5 649899
4 873856
2 950011
5 118106
3 680152
5 586998
5 277112
5 433460
2 311944
2 945285
1 199858
3 84176
5 533299
3 170459
5 381410
4 307686
2 325656
4 762997
4 252110
1 510983
1 587732
1 693665
4 511919
4 338521
4 447062
5 794970
4 551307
5 855374
2 149048
1 798426
4 965706
5 343724
5 555227
2 363190
2 399582
5 137759
1 567584
3 211602
4 406101
1 10211
1 548327
5 745031
4 325705
4 50615
3 875020
2 960143
5 359474
1 809592
1 988823
4 14835
3 837872
4 98840
3 222863
2 893023
5 240911
3 230218
5 823911
4 28963
1 178431
5 596038
3 794206
1 386546
3 974435
2 867504
2 651734
1 365017
1 819428
3 225770
2 144735
4 58087
3 302331
4 853085
1 653752
5 186610
3 257263
5 110314
1 105839
4 4008
1 610891
5 256655
4 131131
2 784976
2 702362
4 724959
3 373802
5 696765
2 230863
5 789298
2 13786
3 202032
5 224211
2 543792
2 636789
5 811079
5 194064
2 478584
1 825987
3 199047
4 853843
1 21916
1 698005
3 335306
2 494055
2 461786
3 784172
3 149929
2 915472
4 593065
5 723213
3 454174
4 907275
2 880879
2 577994
1 48219
1 708515
2 754396
3 499390
5 351778
2 749187
5 143148
3 804418
3 810454
5 23944
1 529705
2 401694
2 14753
5 148075
4 436757
2 615995
2 303645
5 243403
1 789367
4 149766
3 80863
3 238916
1 177165
3 511607
2 553521
3 586857
4 621530
4 526282
2 564800
1 801205
1 567575
5 102057
1 399848
4 259317
1 980043
5 692865
2 96797
4 890332
5 393277
2 496537
3 297196
5 894385
2 668983
5 969155
3 111267
3 365644
1 19925
1 815819
5 262939
3 660784
1 39879
4 479204
3 926745
2 95139
2 74701
2 529867
3 914608
2 262855
4 623874
2 31343
3 760619
5 526011
1 87471
1 560364
5 308769
1 526385
2 606069
4 645853
2 395325
4 9753
1 732113
5 843205
2 759172
4 444130
4 208506
4 696014
2 357262
2 373835
5 914875
4 970692
3 178246
5 13889
1 490468
5 534647
5 659553
3 719655
1 422188
1 474212
5 140041
5 9068
1 677995
5 351697
1 22667
3 838490
5 442390
3 104219
5 929504
3 409507
1 563756
1 628087
5 304784
3 229495
1 180803
2 965213
3 300226
5 332053
5 27057
3 463509
4 67100
5 468349
1 531871
1 500617
3 506085
1 145796
5 373872
1 402812
2 644456
1 672242
5 369403
2 481841
2 766461
3 893833
3 373420
3 735546
2 108640
4 544603
3 569707
1 630710
1 503821
2 213433
1 790687
4 87338
1 702120
1 752693
4 243507
4 264020
3 828959
3 481898
4 718457
2 823220
5 307514
5 60289
2 823013
4 264720
2 743167
1 502496
2 852140
4 227612
5 781086
4 408353
2 687535
4 299552
3 959695
3 325310
5 20504
5 79570
3 442073
3 316848
5 107484
3 558315
1 280097
4 21913
3 769038
1 174422
2 196532
4 690033
4 412080
1 169571
2 836893
2 60378
4 208640
4 499521
4 755359
2 201829
2 580575
5 317626
5 210309
1 316842
5 195063
1 214475
1 27795
1 384860
5 428176
2 342058
4 865619
1 750558
4 397288
1 734394
1 499130
1 14442
4 617229
5 361689
2 188404
3 543113
2 739149
2 103193
3 681899
3 500322
1 593413
2 555957
5 294014
2 553204
5 310073
4 365240
1 492087
5 457922
2 69915
4 523644
2 746035
5 259934
4 278635
4 920336
2 759021
2 515334
2 792874
1 734137
5 744869
2 289726
2 535843
5 46391
3 191827
3 395916
3 981502
3 603030
1 94292
2 236701
2 970501
1 463198
3 323907
1 553172
3 365228
4 383573
1 699884
5 159623
5 62664
1 661001
3 548481
1 849841
5 126244
2 659812
3 676485
1 958576
1 970284
1 993785
3 856372
