5
99 5 1
5 963993
1 993496
2 370533
1 403007
4 111748
5 772369
90 606139
1 337916
2 917141
5 53799
54 301198
4 994175
2 75086
2 554768
3 381333
4 369285
4 321814
1 985267
1 444428
4 862968
1 335491
38 822884
1 633295
2 537347
4 527255
2 129895
5 472882
4 854339
2 136305
3 967018
4 552701
3 932891
5 330708
1 800458
4 834150
3 888215
5 795470
1 463410
54 504250
5 171573
3 210704
4 43961
5 609995
4 426924
1 909636
92 874830
3 932830
2 566071
5 229532
3 512259
2 750023
4 484624
74 938963
3 174025
3 419857
2 418414
71 350376
5 87442
4 464958
2 776996
2 208088
2 655797
1 911026
39 361605
1 872226
4 994413
25 131868
1 357719
1 50471
1 273941
4 388404
5 301493
5 660784
5 439289
2 287760
1 31775
77 41833
2 489807
4 167698
64 435301
2 883948
3 973607
3 749158
4 870099
86 186721
44 822349
12 45929
5 598024
3 205914
4 863364
5 455470
5 443460
3 531083
47 327889
4 256589
5 293890
1 938495
45 892422
5 753135
99 5 1
4 607857
2 190855
3 481924
35 727614
1 369675
53 656205
2 677823
3 559571
1 945051
4 583300
2 93928
1 893902
3 738294
95 768291
2 355462
3 491271
3 660781
2 911059
1 535793
4 582260
3 657830
3 567663
1 316392
14 202420
39 255198
4 11347
4 907095
2 930548
2 117950
2 46222
2 438065
1 692814
2 673884
1 385841
3 911195
3 365152
1 164414
4 297099
3 940198
2 905785
2 992193
4 44277
2 579336
4 190201
2 334452
2 406991
58 272278
3 269433
2 639843
4 600034
70 21980
7 802722
11 656214
81 543788
2 911273
4 784940
2 827362
3 263245
4 780327
4 665992
2 533189
3 693955
2 657632
2 382989
2 381372
3 816191
1 186425
2 286647
4 517714
3 497558
1 375945
4 498691
2 634616
3 354666
3 354391
3 876006
4 40904
1 538073
4 675648
2 710928
2 743922
1 224327
2 916654
1 556567
41 956601
3 228522
3 369028
1 105353
2 829026
2 4943
1 687262
1 912219
74 291251
4 310167
3 246625
3 334956
4 800586
3 165189
1 644388
99 5 1
1 30306
1 473672
1 776159
1 684723
1 550854
2 110678
17 363171
1 875434
2 686056
98 134031
47 87061
1 54057
27 201978
2 604043
1 409755
2 838375
2 50394
1 129352
2 141357
2 825104
2 404137
1 763747
11 319007
1 363971
2 998616
1 237675
1 434272
2 174083
1 181056
1 457584
2 908446
65 558111
1 77981
2 127726
2 895422
2 65529
1 13910
2 231543
1 553727
1 799437
1 890859
2 884867
1 887441
1 883945
2 892315
2 595968
2 794961
1 64110
2 261754
1 196104
2 203841
2 468204
1 530103
1 992968
46 218631
1 503271
1 91953
2 853959
2 689663
1 419351
1 795723
2 455554
2 124245
2 833798
1 305456
2 30502
1 265254
2 861197
1 115442
23 964653
1 119230
2 536425
99 154719
1 418816
83 158464
2 702124
1 65049
1 76218
2 592853
2 104635
2 209987
89 177294
1 396877
1 233972
2 94539
1 195290
2 914527
1 341638
2 368944
2 494405
2 472889
1 731547
1 288606
1 402919
1 75059
2 407676
19 454822
2 987563
2 527576
99 5 1
2 455255
4 793212
3 694661
28 917080
2 915125
1 615025
1 821162
1 545261
1 92267
17 28863
4 492004
2 169483
4 723136
1 714112
2 852180
4 730032
2 887644
3 297890
17 736518
2 967312
2 806742
2 68257
3 633233
2 926391
4 186691
2 66093
4 210222
1 131519
3 321447
4 716110
2 571063
3 3694
1 718997
2 441229
1 564116
35 306834
2 125999
1 589227
1 805539
3 172304
2 806528
1 277713
4 914317
2 642393
4 243528
4 460709
3 590611
1 185513
2 625749
4 369896
3 13866
40 30572
2 309346
4 204354
3 793258
4 803995
2 793464
1 338557
2 476183
2 480639
2 979186
1 557886
1 806760
1 412058
2 103407
1 653331
2 733399
3 703771
10 664868
3 949083
3 245918
1 469497
2 725590
2 765560
2 844378
1 359441
1 675400
4 331810
1 884717
2 523978
4 215224
4 497978
1 761869
3 213439
2 268735
4 834050
4 722936
41 365108
2 921292
2 741820
1 213073
1 423072
2 223129
2 70320
1 920030
4 721722
4 633974
79 430445
2 790885
99 5 1
1 984730
1 193895
1 881104
1 422836
1 461118
1 179949
1 182063
1 393296
1 699801
1 35661
1 148295
1 192328
1 828822
1 239570
1 324624
1 527666
1 452882
1 846798
1 191819
1 713167
1 500652
20 216376
1 673312
1 974324
1 139986
1 820241
1 368925
1 883085
1 241075
1 735245
1 555725
1 515434
1 255817
35 869704
1 497666
1 494772
1 215397
1 133636
30 666250
81 471390
1 558053
1 575823
1 569328
1 653326
1 113386
1 353720
1 15559
1 545834
1 318551
1 549209
1 200778
1 519097
15 722779
1 934219
1 864257
1 522627
1 321672
1 355497
1 36726
95 392092
1 506803
1 282434
1 893199
1 638575
1 13058
47 136962
1 86368
5 942469
1 762784
1 889003
1 825946
1 211495
1 138704
97 740055
1 115445
1 396081
1 981478
1 495200
1 41403
1 666418
1 876501
1 474427
1 122235
1 411685
1 869379
1 10235
1 94446
1 72078
1 731705
1 686061
1 206074
1 848227
45 708869
1 467837
1 745126
1 545632
1 296534
1 38028
23 118915
