5
990 5 3
3 778310
4 445149
3 930358
3 9739
1 613323
2 152744
2 61516
4 943989
4 451166
4 765835
1 897954
2 737690
1 242708
2 875187
4 52128
2 107169
3 957298
3 333452
2 762574
4 533212
1 53623
3 284258
1 491130
1 680483
3 588826
2 55629
2 755678
3 565838
4 290318
4 404164
2 853598
2 120474
4 44825
2 192987
2 723908
3 18285
3 248233
1 733119
4 767292
3 951845
2 26973
4 603137
2 692794
3 294791
4 546454
2 445947
3 915289
1 387024
4 743252
3 253118
2 141798
2 800618
2 413621
4 36787
3 262426
3 867029
2 190258
4 559358
1 993677
2 731627
4 202388
1 312507
4 396085
3 47417
2 87539
3 528743
3 698631
2 569682
4 579255
4 514971
2 400009
1 855039
3 870252
1 427426
3 638775
1 616436
1 683934
1 919349
3 755060
2 646571
3 697971
1 130898
1 46190
4 167127
2 352531
4 646433
1 907506
3 548184
3 820817
4 278069
1 301358
4 887700
3 315326
1 684459
2 65982
4 792859
1 535217
4 603212
4 98206
2 222158
3 687989
1 122225
4 50862
4 751859
4 884991
1 798258
4 737351
4 857228
2 623901
2 33481
3 316200
2 80127
2 925857
1 800334
3 71803
1 616346
2 344066
1 960438
3 233701
3 908901
2 101917
2 378662
1 47430
2 826396
4 734932
4 879187
1 486868
3 275148
3 624153
4 518411
4 975545
4 126664
2 453792
3 86379
2 792807
4 736132
4 489057
1 495467
1 737585
4 685735
2 381489
3 155574
1 702419
4 365763
3 689495
4 262797
3 369538
3 782756
2 882135
1 915026
1 839417
2 835052
4 541874
2 393431
4 199375
3 428611
3 779362
1 65982
4 7204
3 141180
3 658803
2 118784
2 767039
3 753843
4 16602
1 19336
1 680955
2 698611
4 996819
1 236114
4 154370
3 435807
4 650440
1 220512
1 743126
4 471981
2 281914
4 138972
2 983046
4 295059
1 287317
1 761865
4 513736
3 320526
3 575814
1 925764
4 346416
1 642382
3 976610
4 419707
4 86079
1 194460
1 908599
3 430879
3 631797
4 537561
1 675061
1 502068
1 333172
4 296428
4 61043
4 357920
3 432625
4 471836
2 301932
4 629807
1 153896
2 324915
1 64579
3 505684
877 249319
4 123856
4 54696
3 169845
2 941408
2 709475
1 727860
1 241048
2 887354
3 821384
4 726387
3 814809
3 134314
2 210907
3 912374
2 211833
3 817239
1 258129
4 85894
2 67184
4 309442
4 10845
1 542
1 474057
1 778505
2 188950
3 957358
3 335047
2 556953
2 114209
3 300048
4 852998
3 736360
4 358747
1 507391
1 906663
4 489966
1 263050
1 599119
4 458639
3 438809
1 904380
1 882064
3 839941
2 245830
4 393814
1 70481
1 884929
3 851346
4 67367
4 783851
2 267373
4 391895
3 118148
4 311733
4 314299
3 835274
1 191763
2 306482
2 142451
3 962597
3 488572
2 243604
3 980464
560 932252
3 897786
4 20276
1 448607
2 530862
4 975904
3 699691
1 604734
1 645180
1 819259
1 343583
1 728558
3 14726
3 958445
4 49467
4 894499
4 220219
2 576100
3 276473
3 898483
4 330094
2 554366
4 47365
2 574152
2 832996
3 688818
4 527889
1 311916
1 766816
4 129551
3 990611
4 684290
3 111462
1 142903
4 430671
4 307856
4 904904
3 221785
1 96006
1 402927
1 316385
1 884490
3 413987
2 704814
2 980634
4 53927
4 770894
2 706924
2 39665
3 648502
3 573477
2 177833
3 306174
3 889102
2 348027
4 627605
112 351753
3 604833
2 961175
2 224967
2 768198
4 861551
2 68584
3 471021
3 481138
1 584767
1 743217
4 810789
3 326050
4 285381
3 722015
4 711101
2 437353
3 95209
4 713607
3 542915
3 253150
1 39038
2 214830
3 976468
4 83215
4 247721
1 82024
3 873025
3 37866
2 564197
2 50272
2 549502
4 36534
2 723240
1 483891
4 741738
1 61462
2 52715
2 364365
2 704934
2 742844
1 133518
4 424990
3 905818
1 407323
4 758395
4 61001
4 511580
4 835426
3 333950
4 521352
3 316411
3 153016
3 17625
1 475854
3 2636
1 98256
4 893088
4 423700
1 840775
3 938176
2 671235
2 344566
4 497134
4 643118
4 306314
4 786900
2 773517
4 524662
1 710164
3 594734
3 789790
1 90182
2 758265
1 879440
2 195126
3 259695
1 476823
2 161795
2 722410
2 533245
2 65248
1 801858
4 183612
2 624628
449 820906
1 921332
3 527402
4 787769
2 938298
2 725186
2 184207
3 471000
1 11347
2 343370
3 491383
1 710608
3 225087
3 960187
2 766426
1 288303
4 789692
1 356590
4 127971
2 993239
4 761596
1 773603
1 795611
1 962277
3 461232
3 945726
4 254286
1 814761
2 359974
3 980543
1 365410
2 165161
1 43566
3 823305
4 82779
2 141596
2 425
3 706050
3 373193
3 27609
2 606291
58 536076
1 855359
3 493156
3 307819
3 992149
3 582056
2 630611
1 35959
2 83420
1 135207
1 378935
2 777210
2 29019
4 841448
3 569570
1 419439
1 742918
1 572477
1 120589
3 498716
2 54266
1 87823
1 838415
1 405830
4 894669
1 752499
3 672968
4 774076
1 270497
1 358108
1 919063
3 748241
3 86876
4 777993
4 779491
2 414705
862 10812
3 193909
4 415548
1 276387
3 112181
2 138521
3 507244
4 705491
1 679310
4 305491
2 309748
4 883306
1 821736
4 634753
2 375500
3 345330
2 894586
3 721842
4 949578
2 693658
3 900975
1 261337
1 479004
2 527816
2 310300
717 689901
3 332633
3 97899
1 273547
4 128994
4 417187
1 185545
3 99515
3 932074
1 483138
1 220734
3 76327
4 263716
1 465686
4 157140
4 76716
3 136405
2 599857
4 289820
2 239421
2 376295
2 251648
3 807392
4 828464
2 919406
2 530998
3 348744
4 785503
3 341050
1 582893
4 1103
1 479722
1 579756
2 22853
3 589624
3 190374
3 560318
4 489653
1 750032
2 113072
4 809322
2 320922
3 939018
4 989285
4 789730
2 737523
3 119646
1 230996
3 379131
3 347116
4 309188
2 892522
3 511833
4 904016
2 206375
1 641112
4 573766
2 325974
1 20488
1 600756
4 441898
3 284085
1 260314
4 360867
2 380809
1 429818
1 326948
1 574436
4 383747
4 463543
4 303060
3 131869
3 439529
4 123549
2 326205
4 56064
2 81616
2 633533
4 330592
4 702852
4 865569
1 512248
4 672227
1 724611
2 217939
1 361858
2 348857
1 607496
2 472174
4 576420
4 930369
4 63883
2 368272
1 489267
3 113069
2 791922
3 378673
3 384401
1 907482
2 118458
3 535838
2 502213
3 69500
4 987573
4 222520
1 354232
2 392638
3 581520
2 436654
3 283856
4 735421
2 47979
1 268391
4 29723
3 238825
3 406078
4 217411
2 307524
1 157217
4 836462
2 890947
4 715806
2 29337
2 326321
3 690553
2 198041
4 704428
2 485329
4 524004
3 460525
4 720852
1 41090
4 507100
3 447275
4 505770
4 92450
2 320200
3 885672
3 971506
1 414391
1 671344
3 693573
2 573308
1 16559
3 966380
2 73168
3 803100
4 963627
1 339273
4 658872
3 997278
1 641324
2 235207
3 765507
2 778010
1 253641
3 522571
4 576
3 459667
4 252337
2 604628
2 244334
1 589443
3 467316
4 953728
4 81136
3 158982
1 3761
4 194422
1 948568
2 657881
3 637659
3 594920
2 262389
4 572539
1 926467
1 639613
4 599730
4 583564
1 989826
2 734175
1 521258
4 519864
2 238648
3 833192
1 611187
4 833638
3 527584
3 841207
4 434441
1 417833
2 843832
1 979268
4 866160
3 520514
1 819300
4 339062
4 504690
2 773559
2 366990
4 156052
4 990527
4 800930
860 146271
4 569752
1 274715
3 43615
2 901195
1 790710
4 407130
3 854841
3 828196
4 886845
1 135255
1 455991
2 930103
3 631586
4 997684
3 188384
3 669638
4 6467
3 948310
2 888163
4 959842
2 272711
3 840882
3 42121
3 608706
3 200290
4 275796
1 704117
1 131381
3 756804
3 78081
1 536887
2 933133
2 885544
4 708611
4 218099
4 700810
3 385675
1 715522
2 187195
3 978206
3 276607
2 977947
1 21852
2 445121
3 422920
2 924240
4 761973
4 514226
1 301730
1 933652
1 355037
4 787520
2 384987
3 449551
1 364910
3 130217
2 732089
3 823203
2 861114
4 486703
2 318177
2 229247
1 447781
1 650005
3 853176
4 835395
1 743912
3 903754
968 720855
1 734505
2 96073
3 633171
3 511015
4 981823
1 705862
1 572627
4 441671
3 510248
4 162769
2 650521
2 713326
4 909196
4 626187
1 150089
2 769156
1 699234
2 391206
1 136003
3 463525
3 905291
1 198126
1 322847
4 237367
2 299777
1 824827
2 516052
3 513108
1 359670
4 97881
1 732799
2 147964
4 672576
1 185656
1 640764
2 966729
1 879539
2 787280
2 362001
2 200596
4 696587
3 905449
1 774957
4 191280
3 990112
2 570063
4 252385
4 887933
2 171618
1 895407
3 261967
3 80790
4 105190
4 543949
3 307983
2 700556
4 584324
3 360000
4 96102
2 164833
3 720747
3 865436
3 291214
3 630233
1 50907
1 626020
2 847026
3 221913
2 487143
3 324038
3 676168
2 182783
3 759871
3 554971
3 508329
2 960836
1 416066
4 571768
4 862659
2 946814
2 476965
4 821459
3 845614
1 433086
1 450372
1 523383
1 802539
1 401214
2 124806
2 50649
1 721585
1 160949
4 319894
4 949433
1 176461
3 894354
4 930228
4 354031
1 857063
3 805357
2 144887
3 561163
1 779401
2 588643
2 914977
1 272003
2 436242
4 840483
1 394246
4 177972
2 838015
1 994684
1 187364
3 562435
2 620013
2 915486
1 677759
3 647507
4 78300
1 463781
1 81169
3 959084
2 654838
3 346407
2 369787
1 519610
3 784807
3 645385
1 274204
3 178891
2 738113
3 132386
1 617456
3 175159
2 379515
1 691231
2 374754
4 938659
4 449178
1 702089
1 814181
3 926910
4 706304
1 830328
2 821942
2 721317
2 451081
1 172319
3 443558
2 306920
899 568030
4 112124
4 622529
1 433878
4 180145
1 876535
2 451608
2 340481
4 589760
3 222304
4 395539
2 565437
2 373432
4 515860
1 67012
3 307132
2 531189
4 948579
2 447367
3 819788
2 818972
2 909337
4 439978
2 652682
1 600619
4 562718
2 724635
1 81389
1 934574
2 725250
4 203064
3 91020
2 869326
3 448430
3 660475
2 605329
2 396434
1 542846
4 72579
2 247395
4 968541
1 711482
2 780932
2 791155
2 111284
3 721206
4 524291
2 837464
3 105265
1 705786
990 5 3
3 563938
2 634391
3 294740
3 621253
3 396507
2 134663
3 456469
487 704512
2 585526
198 27397
1 870338
3 189718
3 169426
1 863058
2 603919
1 528554
1 191306
2 405698
3 618299
1 482734
2 965167
3 868568
1 498529
2 935306
1 14243
2 442540
2 234356
1 395149
2 68445
1 350027
1 707463
3 146729
3 442402
2 686360
1 746096
2 451089
3 747514
3 91200
1 977804
3 432861
1 996824
2 210401
2 337618
1 17759
3 697530
1 11873
3 250412
2 652278
2 762917
1 563992
1 907423
1 720035
1 381246
2 161382
1 455672
3 605888
2 841582
1 242311
609 773519
1 209493
1 998737
2 665161
3 856099
1 131871
3 2770
1 149200
2 271571
700 324203
2 3507
1 743417
3 433174
1 476246
1 1016
1 857714
2 900998
2 148524
2 656135
2 129563
3 872755
2 723570
1 327600
3 550597
1 505343
3 604502
3 602084
1 365274
3 892130
2 310456
1 743938
1 500468
3 545512
3 870827
1 799743
2 84479
3 68548
2 906119
1 711922
1 847380
2 653472
3 438368
2 885024
258 425604
3 463418
3 717997
1 423851
2 118603
2 698040
2 341065
2 407362
2 246025
3 490120
3 878822
2 965326
3 380940
2 160304
2 959896
2 337147
3 585012
1 533917
1 880016
2 486795
2 84218
2 682251
3 727227
2 910101
1 948845
2 883288
3 857907
2 660780
1 787164
2 173265
2 839215
1 947899
3 24335
3 343000
2 994514
2 575572
3 991729
3 561211
3 354523
1 91088
3 91013
2 708869
3 118734
2 356352
3 56912
1 739800
3 747707
2 933101
2 160859
2 108016
2 696805
225 350695
2 210601
2 600456
2 824281
1 901879
3 690090
1 312670
2 888437
1 75729
1 137639
2 767859
3 417839
2 802663
3 791930
1 903068
2 508475
3 889135
1 989249
2 897518
2 803981
3 241563
2 17694
1 213081
2 953568
1 525421
1 623312
2 101576
1 952216
2 948825
1 372515
924 794946
3 819221
1 125751
1 801281
1 896881
2 171695
3 127586
1 912239
1 103369
1 514730
3 565932
1 637738
3 990220
3 123242
1 365886
1 191311
2 616102
1 216484
1 29523
2 986333
3 896466
1 678727
1 812246
2 712483
3 16078
2 624461
1 885598
3 808329
2 316451
3 492304
1 47462
3 744897
2 997687
3 284604
1 323505
3 158187
2 660591
3 796616
3 269493
3 592845
3 924060
2 229183
2 806277
1 285471
3 367847
3 514475
1 386026
2 404795
1 735687
2 585008
3 114493
2 180330
2 177348
2 568596
3 998241
3 827298
99 726070
3 573915
2 600079
1 551158
2 684570
3 542589
3 924395
2 411323
1 767857
3 498607
2 854143
2 700289
3 645145
1 567858
713 945204
3 193310
1 988434
1 579246
1 768531
3 868625
3 222257
2 541916
1 872630
3 946781
1 607120
3 328762
1 273646
1 127071
2 122675
2 289507
1 70437
2 905331
2 861660
1 66712
3 849583
1 646229
2 885209
3 651810
2 420560
1 397540
2 362382
2 426993
3 45467
2 455579
3 173867
2 174251
1 968599
1 597246
1 61357
1 442552
2 981900
3 243641
3 285984
1 747076
3 342336
3 466100
2 926767
1 316238
3 488188
2 39061
1 965753
1 164062
2 601067
3 575850
3 143758
2 349215
1 722083
2 608494
3 858269
2 746839
99 78979
1 312634
1 417211
2 522153
2 177421
3 691530
3 232211
3 194342
1 994634
3 860796
2 164347
3 564100
3 460717
1 326687
1 481770
2 27723
1 144135
1 990599
2 966603
1 846429
3 573042
2 301464
1 167866
2 873519
2 602875
2 690960
2 962106
1 494995
3 315918
3 34585
2 763455
2 892207
2 184566
3 394096
3 575377
2 666626
2 623127
3 809999
1 203795
1 155082
3 209398
3 163866
2 104838
1 189816
3 355194
2 950524
1 807027
1 456693
2 196965
1 610775
3 655408
2 182436
3 769755
2 21548
1 770373
1 299899
3 138051
2 178778
3 151209
1 753208
2 779805
1 956209
2 231093
2 524104
1 285757
3 502551
3 857549
2 236533
1 488060
1 487675
1 967529
3 768617
1 356324
1 603539
2 295810
1 334662
2 71944
3 236872
1 264047
1 137708
2 93830
3 192917
1 809413
3 108779
2 826017
3 377486
2 997621
2 238158
3 680719
2 674042
1 855111
2 385769
1 123991
3 727791
2 670424
3 754429
1 456288
2 821287
2 614215
2 348175
2 434151
1 316413
2 558880
1 182242
3 214019
3 519282
3 383728
3 639805
3 504380
3 905495
2 930239
2 27657
2 19305
2 457616
3 247334
1 183612
2 405598
3 691579
3 49209
2 481002
3 827489
3 527931
1 872088
1 80322
2 332606
1 743064
1 431284
1 523792
3 482880
2 978567
3 404774
3 871873
2 173379
3 201507
2 858747
2 769156
2 552273
2 843540
2 33544
1 299078
3 26824
2 375621
3 423022
485 782369
2 395952
3 777110
2 793176
1 949877
3 603621
3 100624
2 252286
3 214293
2 741867
2 56756
2 646326
1 349871
3 999500
2 676073
2 577653
1 826528
2 93303
1 655196
2 451466
3 292248
3 788758
3 478070
2 67295
3 923622
1 959048
3 40794
1 620060
2 334917
2 982200
3 151456
3 120277
1 418677
3 504159
1 135043
3 859721
3 98077
3 655407
3 352019
2 673581
2 2869
920 62928
1 146200
3 473834
1 82290
1 268897
2 445390
2 153863
2 625597
2 718832
2 263535
2 697547
1 147376
3 896724
3 188078
3 206533
3 212165
3 830598
3 331560
3 292733
2 86294
3 602977
2 350859
3 801623
2 689269
2 23532
1 151161
3 974084
3 416832
2 712302
2 932101
2 461903
1 288473
1 164848
1 34042
2 617932
3 1170
1 634710
3 116523
2 570700
2 539350
2 185313
3 304663
1 344648
2 625944
1 321565
2 26438
2 888173
3 65581
3 543175
1 971704
3 391541
3 796113
1 897702
3 261959
3 639477
2 478834
3 421706
2 15506
1 307814
1 515574
3 478547
3 609756
3 288678
2 422029
2 165014
1 109701
3 322947
2 992788
3 858670
3 885029
1 816356
696 61138
1 840887
1 105986
3 841090
2 3454
3 906527
1 391580
2 457375
3 428275
2 184158
2 942871
3 401806
3 924311
1 414155
1 321467
3 540009
1 837363
2 711736
3 80841
2 724118
2 877773
2 573507
2 949952
3 645372
2 90693
2 860847
1 746886
2 381138
3 542854
3 315506
3 343873
3 200896
1 297109
2 633853
2 30488
2 579042
2 971167
3 448699
874 690328
2 130001
1 470932
3 450577
2 710509
3 724140
1 675286
1 69178
2 914657
1 740346
3 141513
2 417699
3 763559
3 390223
1 645942
1 359618
2 217435
3 706298
3 663076
3 676693
3 226821
1 197593
2 862419
2 847858
1 691787
1 577764
2 881378
3 364354
1 864869
2 733159
3 4409
2 345866
3 883460
3 549540
1 763368
1 729667
1 563056
3 544259
3 95
1 182359
1 906642
3 315085
2 971634
3 876874
2 555132
1 27942
2 749415
2 92494
3 996586
3 487508
1 509727
3 587633
2 58155
1 687399
3 768892
3 477234
2 940822
3 107856
1 167029
3 181349
1 438224
1 969923
1 346134
2 642176
3 71666
3 752424
3 626865
2 870773
3 143154
3 400794
1 550634
2 264831
2 658303
2 896239
1 716321
3 593080
3 414255
3 500493
3 731891
1 419544
2 970185
1 451477
1 863501
2 71693
3 957337
2 222355
3 761139
1 384323
3 198645
1 399088
3 645390
1 86385
1 993672
1 7759
2 672275
2 34158
2 427682
1 812269
2 552381
1 144626
2 806937
2 924458
1 868334
1 623232
3 478991
2 676247
3 155473
1 282090
1 291148
3 248807
1 678278
1 617125
3 841263
3 835745
1 566305
1 193155
1 693299
1 499687
2 493320
2 641153
1 247410
2 351469
3 679506
3 394263
2 656261
3 94887
3 849027
1 287025
3 807099
3 924082
3 833913
3 889618
1 528135
1 360731
3 769592
1 697891
1 815101
2 843854
2 224248
3 946000
2 527667
2 887651
3 899178
3 495402
3 347169
3 448862
1 689205
2 506824
2 844312
3 56508
1 115010
2 380585
3 300511
1 731648
2 9811
2 995336
3 519373
2 250409
2 304036
3 80204
3 345048
3 785151
2 950275
2 948653
3 791958
1 158669
2 63594
3 517492
1 267974
3 599766
1 708957
2 674802
2 36073
3 200140
2 642811
1 546084
2 771308
1 250628
2 164915
3 196670
2 484599
1 473184
2 956663
3 973750
2 627131
1 160285
2 820112
1 796722
3 143197
241 822171
2 273292
1 595941
2 6171
1 685805
3 252538
2 442853
2 678349
3 78122
3 700142
1 719431
3 901610
2 726062
1 116651
1 779942
2 533133
3 894718
1 790841
3 622086
3 117956
1 374056
3 51697
3 864865
2 788931
3 391019
3 190527
2 815978
3 537887
3 119229
3 276116
1 821573
3 220535
3 808183
3 515062
2 773680
3 58674
1 606741
1 596403
3 707108
3 948507
1 692026
3 860718
3 492514
3 775051
3 382186
3 86201
1 607520
2 715627
1 10953
1 949972
3 323914
3 61316
1 426737
1 255789
1 204086
2 483508
2 480448
1 414717
1 796719
2 187709
2 793371
2 326554
2 772058
3 516751
3 543873
2 393780
1 448818
3 608055
2 328007
2 15745
2 119336
3 116210
1 64049
2 622093
2 782361
3 992559
2 904729
3 683821
3 789556
3 162077
3 564609
2 648058
2 546063
2 413662
1 81130
2 311870
1 434785
2 843168
3 520997
3 65559
3 385020
2 844793
2 981358
2 771625
3 548043
1 164906
2 136284
2 886834
2 456556
2 338562
3 188204
1 743666
3 377433
2 778691
1 576339
2 30212
2 916124
2 877947
3 717676
1 836903
3 698947
3 162698
2 708327
2 729478
2 556957
3 964534
3 22638
3 612313
2 605148
1 129447
2 246341
2 913412
2 92937
1 192625
1 888543
3 673445
2 585823
3 633159
1 150021
1 370062
3 893618
2 632438
1 571342
3 45353
2 844938
1 597195
3 593442
2 374931
3 593193
1 271015
1 825057
1 354488
1 721932
1 596908
2 558724
2 702530
3 14369
1 189571
2 215691
3 487928
3 846169
3 433601
2 202566
1 607495
3 798151
3 103265
3 872285
2 270395
1 67360
2 816251
1 841098
1 860069
2 931965
2 362411
1 535756
2 730563
1 501967
1 527024
2 324760
2 418998
1 398094
3 687979
3 173727
2 160235
1 229942
1 21076
3 706589
1 633502
3 454251
3 556022
3 150756
1 731007
2 681853
1 226340
3 771769
2 73566
1 305483
2 509891
1 75203
1 463795
3 864525
478 365857
1 316609
2 704331
1 300005
1 692505
2 920474
2 387954
3 123693
1 998781
990 5 3
4 524029
3 835972
4 438873
4 484282
4 646025
1 530483
1 51593
2 832254
2 891295
2 295763
2 809088
3 712774
4 663588
2 496010
4 781663
2 974614
3 593913
4 92777
3 735067
2 14233
2 954265
3 154071
1 67480
4 145948
4 991073
4 621028
4 133482
3 347845
1 862076
2 47832
4 546525
1 323714
2 473953
3 988426
334 926516
2 837374
2 953965
4 440759
4 527375
3 316815
2 271788
3 422450
1 384150
1 961380
4 206675
2 487809
3 590388
1 414461
3 661082
3 472879
3 625458
3 181065
2 982661
4 962422
1 61917
4 453742
1 136668
2 703863
2 353611
3 683545
2 719387
4 823539
2 354008
4 120147
3 968478
2 980302
3 14757
2 355654
1 754239
4 404455
3 314293
3 307583
1 914906
3 131295
4 531136
3 13019
1 268295
4 3837
3 94713
4 896106
3 546650
2 907341
2 110224
2 793254
2 435448
3 624241
3 116501
2 226101
4 317684
2 187289
3 199151
3 241235
2 881873
4 844464
2 899973
2 172752
3 818467
1 167162
3 213716
1 641971
4 230683
3 204211
1 366543
1 7561
2 490064
1 609328
1 129671
4 518896
3 6320
1 809828
4 823958
3 811803
1 555897
3 238793
4 772718
3 366944
1 720332
4 151573
1 96717
4 102918
3 933223
1 159599
1 590417
1 682645
3 713087
2 765825
1 652027
3 45620
3 843484
2 809092
1 941309
1 1780
4 476496
2 432758
3 763572
4 456336
2 840885
4 914867
1 395167
1 967780
1 434570
1 422785
4 289926
1 911532
4 445542
3 809737
1 339237
2 360738
4 813019
3 182122
2 253013
4 102961
2 844341
1 449481
1 744136
2 429733
4 202572
1 407135
3 154141
4 706559
3 266960
3 413117
1 717917
2 722895
4 502680
3 975917
3 341051
2 64586
1 970712
4 237722
3 479908
2 499374
2 143188
3 50881
4 72012
3 613442
2 568171
1 481733
2 1781
1 681219
4 843035
4 837593
3 989943
3 179804
2 42693
3 953240
1 679973
2 112056
4 370268
1 518051
1 544119
1 706177
4 605569
2 631188
3 572632
4 519081
4 57577
2 51025
4 664599
4 832624
1 165028
4 705374
4 410627
1 340586
1 29915
4 638299
3 20066
1 600681
4 352930
3 330772
2 719552
2 335633
2 902089
3 165373
1 509898
1 720768
1 255628
1 630253
1 867995
1 637296
4 917170
4 851846
2 216176
3 967525
4 307823
2 642654
1 845248
4 482149
1 806970
3 185311
4 14255
4 539821
3 312658
3 577186
3 33078
2 216093
2 24841
3 276064
3 202249
3 255961
3 476850
3 277968
4 2493
4 46460
4 952294
3 559773
3 682534
4 684480
4 317484
2 814290
2 320354
4 522597
1 990465
4 9049
4 595741
4 345810
3 109646
2 988300
4 317219
1 894298
4 553836
3 556522
3 238755
1 803004
1 261600
4 372116
1 636966
3 310454
1 547596
1 956121
4 409548
2 71539
1 195506
2 639780
4 601468
4 218969
4 913878
3 686659
3 429169
1 860338
2 931352
2 188253
3 637156
4 174283
4 594057
1 88450
3 64999
1 759107
1 950045
3 862635
91 428125
1 419583
3 57516
2 977939
3 688921
1 673757
4 734308
2 830162
3 340564
3 564415
3 340279
3 709634
3 261786
1 362843
1 967194
3 222605
2 716214
2 836018
3 279054
1 611455
1 28995
4 6450
1 447317
3 735881
4 643190
3 852908
4 757256
1 769043
1 664386
1 621939
4 93392
3 162205
4 125856
1 814814
4 230502
3 486971
3 564553
4 385822
4 278085
1 498468
4 416772
4 833111
902 273989
2 192692
2 46372
2 176112
1 14566
1 555162
3 574305
2 732568
3 308185
1 724711
3 730059
3 174913
1 893277
3 787150
2 218190
1 721522
2 779806
3 135162
4 80911
3 70910
1 983594
2 21789
4 816827
3 279993
4 532214
3 804811
3 78153
4 443252
3 291419
3 549051
1 135691
1 206687
2 916884
4 246218
2 399032
1 349255
2 93784
2 95578
1 451488
3 864499
1 28487
3 794167
3 188317
3 984308
3 806614
2 708025
3 39808
4 876450
4 370163
1 306458
3 545642
4 179431
1 244193
4 473304
3 362928
3 398439
3 164153
2 558586
1 5310
1 997673
4 57705
3 682441
3 114953
4 289782
3 821057
2 993443
1 241376
3 987041
3 378380
1 138459
3 729752
1 84269
4 358556
3 444164
1 354014
2 177250
2 305327
4 320277
4 899324
2 278695
2 869172
4 530144
3 994903
4 765934
3 990583
4 194164
4 273852
2 706539
4 752305
3 788871
4 84318
3 621017
4 714249
2 483701
2 474956
2 600236
1 321425
3 888491
2 911082
4 171783
2 109236
4 747765
4 703230
3 623377
4 850903
4 913535
977 841715
4 897125
1 332656
3 660717
1 117252
4 994055
2 702737
2 298895
2 726928
2 201561
3 308045
4 695559
4 420826
2 558029
4 34923
2 870683
2 920780
2 210633
3 624588
4 815626
2 442353
1 404662
2 293003
4 159494
4 423063
521 42431
4 197207
4 688926
2 478670
3 493245
1 913048
1 962318
1 75445
4 446394
4 885318
3 292176
1 161860
1 333132
2 575320
4 289712
2 245280
3 949367
3 890628
2 480563
4 261374
3 391392
4 373315
2 810606
2 489853
1 657012
4 337749
4 427278
2 297293
3 510279
3 616984
2 368918
1 717537
3 384148
4 289687
3 544463
1 139600
4 466366
3 539729
1 512636
2 613852
3 700596
4 389468
4 958433
732 270946
2 846641
3 386834
1 546993
4 875703
1 957621
4 750119
4 127779
4 288159
4 579502
3 63525
4 755492
1 696909
1 180674
2 147751
2 43888
3 778276
4 741205
2 777875
3 810730
3 719647
3 446885
3 83605
2 344415
4 997351
2 62056
1 640082
3 686281
1 611874
2 151024
3 75019
4 667037
4 855158
1 166895
1 575797
1 257225
3 19060
1 583173
4 617583
1 138250
3 50034
4 729471
1 503123
4 272898
2 802752
2 53436
4 967323
4 969880
3 717285
3 401051
4 643984
2 790756
4 450617
3 114167
3 395518
1 896639
4 974290
1 359194
4 597730
3 331175
3 665026
2 602698
2 347041
4 170447
4 690949
1 97762
3 951583
2 230411
1 892071
1 418025
4 565141
4 102268
3 750318
4 48815
1 54764
1 96523
4 531547
4 513494
2 239579
4 70188
4 969803
3 507987
1 512962
3 57513
4 712837
4 727728
1 38498
2 843695
4 744561
4 778309
4 103730
2 541563
3 256185
2 831724
3 863012
2 566573
2 881551
1 867160
4 509792
2 531014
1 882509
3 620759
2 342316
456 760487
1 963442
4 199126
4 399913
2 835731
4 638507
4 459285
3 736312
2 538673
1 128757
2 481350
2 674193
1 271414
2 381076
2 789666
4 81784
1 545832
1 933515
2 723243
2 977190
1 932162
2 211638
3 795086
1 521886
1 714050
2 384100
2 142073
2 126946
4 821062
3 364552
1 637179
1 893912
4 75737
2 792598
4 473532
4 249877
3 37751
3 161556
2 867660
3 825376
1 548495
4 636660
2 931318
1 722158
3 511586
2 49111
2 872509
1 866932
3 121918
3 285316
1 307011
2 793408
3 954826
3 529680
4 766860
4 183041
3 327262
2 971172
2 812496
1 976167
2 264742
1 398192
3 483197
1 837701
1 788340
2 125600
4 280322
2 584139
4 478076
2 797932
3 331208
4 359693
4 345527
2 967888
3 574440
1 260538
2 653162
2 534283
3 806076
2 698637
3 887699
1 910585
3 683003
4 793593
1 936287
3 982406
2 598384
1 330127
2 432439
2 941006
4 475956
2 531965
3 313570
1 430316
2 242042
4 29286
1 940516
2 646945
1 757890
3 2090
1 717654
2 302175
3 375064
3 86981
4 162304
3 389228
1 930156
4 972112
2 846675
3 57451
4 473081
1 571392
3 431891
1 732946
1 870530
3 838231
3 566122
3 95172
2 373656
3 278777
2 341957
3 616482
2 169398
3 687445
3 876711
3 200377
1 8620
2 739850
2 985360
4 622950
4 149754
1 71896
1 830178
1 259786
3 369260
2 640042
3 138172
2 980293
4 925863
2 152524
4 761339
1 995999
3 485773
3 919339
2 631219
4 838898
4 198352
2 750839
2 524603
3 57601
4 216675
4 246471
1 479847
4 76949
2 969790
2 459856
2 589793
4 46233
1 792884
1 231000
3 491024
1 754400
2 688213
1 215235
1 155838
4 736392
4 137760
2 692662
1 444582
2 627518
1 926291
1 166653
2 409657
2 688106
1 825081
2 470875
3 351422
2 523935
4 164882
1 166310
3 685910
4 687204
1 462593
3 324556
2 619145
1 793548
4 105253
1 947809
1 588603
2 986016
4 849811
2 481350
3 154163
2 34668
4 470250
3 981843
3 724453
2 518887
3 844045
4 722584
2 280738
1 327196
3 895817
4 51910
3 153370
4 852295
3 937653
3 834665
3 945042
2 593415
4 620126
1 147606
2 417471
2 592720
2 486435
4 185695
1 530382
2 848540
874 187536
2 774838
4 497198
3 658689
3 821171
1 980568
4 727450
2 226283
483 204741
1 21798
2 583930
2 52447
4 570214
3 16062
2 338391
4 159566
4 719228
4 156545
3 148948
3 651410
2 152685
4 734465
1 576205
1 410444
2 395292
3 575609
2 883498
2 460344
2 335701
3 687507
4 475538
1 828365
1 667437
4 829474
2 993613
1 100284
4 911842
4 115173
1 994716
2 540038
3 249859
2 39575
3 437327
1 230886
1 871040
2 967743
2 142284
2 634270
2 879092
1 309663
2 198630
4 556271
3 194709
4 99853
4 689619
32 178305
3 231491
2 281925
1 586738
4 840830
1 859022
1 464745
1 943369
1 276113
2 646774
519 508227
3 590719
2 438376
3 585472
1 464156
1 492918
4 634428
3 438708
4 918374
2 887035
1 89716
2 315615
2 314035
2 85869
1 562619
2 198508
4 54094
1 489754
1 834469
3 709112
2 343128
2 532856
1 759873
4 513744
4 488448
3 595259
3 243152
3 939773
4 343048
1 579808
4 655986
4 378892
3 787393
3 43860
1 709037
3 845478
2 199611
2 241400
1 595901
2 339381
4 817941
1 178176
4 446581
4 973194
3 220039
2 704127
1 291046
3 494414
2 445535
2 236754
1 572868
2 649791
3 677572
3 540795
4 297063
3 880211
1 720910
1 154146
1 519548
2 680590
2 504823
4 591960
3 168476
3 441930
3 851086
3 93930
2 429754
2 431252
2 859667
4 502283
2 707093
4 57807
4 597819
3 129653
4 838363
3 448607
3 87122
3 305439
1 381392
1 315366
4 18698
2 938246
3 393642
2 921157
4 489620
2 272222
2 416301
3 331199
2 620875
4 690961
3 517731
3 265075
2 494169
2 514775
4 117640
4 906690
2 413911
4 54278
990 5 3
3 667122
5 186197
3 37152
3 455985
3 346158
2 134819
2 656783
3 606536
2 229486
5 907268
4 389040
1 463061
2 917302
4 786682
5 971266
5 263431
4 747085
1 147830
5 980763
1 236386
3 765977
1 742469
2 813631
1 16424
2 549860
4 140940
5 36648
2 527498
3 84314
1 747616
2 904618
4 774852
4 586069
2 189901
2 902565
5 160459
1 445450
3 19177
2 786622
2 431222
1 547409
3 628960
3 848332
3 970388
1 138084
5 681684
5 513966
5 739226
5 525288
5 894239
1 685073
2 26257
2 979499
5 611039
2 689098
960 599484
4 787473
1 758983
2 921878
3 791162
906 497022
2 522856
3 898928
1 716065
1 620507
2 23212
3 465723
5 698574
2 726164
3 320402
1 711786
4 41724
4 235704
3 397816
5 465661
4 501783
1 203265
1 355015
1 204889
5 230681
3 637001
4 799529
2 840953
1 448052
4 470917
2 825846
4 992996
3 851024
5 998665
1 823848
5 189130
3 401733
4 20170
5 830206
1 938388
1 852358
1 189348
3 564856
3 801430
3 194175
5 818041
3 613500
3 141420
5 201599
3 68859
4 200452
1 188355
1 383989
5 287183
3 213423
2 754864
1 723729
2 2391
1 775264
5 223784
5 162328
4 856021
5 474322
5 960163
5 219173
487 960623
1 246618
1 12838
4 279517
4 107652
5 749173
4 62023
4 479454
2 396594
3 700290
4 543503
4 511607
1 172762
1 722830
3 728098
2 548317
1 503810
4 442178
4 543813
1 722542
2 376227
2 350449
1 231681
1 707752
1 919675
5 886525
4 960375
1 397262
3 611401
2 540004
3 984270
1 296752
3 519247
3 970811
2 959511
609 877023
4 332030
2 477958
1 334086
2 188420
2 666769
2 881705
4 363301
3 403018
3 672009
1 624192
3 953593
3 709617
4 823634
3 27608
1 233678
2 718919
3 651118
3 211168
4 744629
1 32812
3 899254
5 858457
5 695607
1 262683
5 151778
5 552806
5 215082
3 489792
4 450876
5 610547
2 425993
3 960867
5 971841
3 998504
1 894445
2 237406
5 28919
1 472609
3 727820
4 541679
3 448912
4 219747
5 644121
5 752749
4 526575
3 643521
5 537926
1 432385
5 510932
5 162897
5 174547
3 291214
1 722080
1 354234
1 147400
3 273957
5 568961
3 279090
3 152143
5 624318
3 829488
3 229025
5 540165
4 357056
3 123574
2 986314
2 544571
3 409576
3 943359
1 788307
3 998070
2 79939
5 894471
5 71979
2 228772
5 607316
5 3389
4 315291
4 466861
3 786138
2 343143
5 217650
3 372659
4 839815
3 335338
1 795308
2 368748
1 613198
3 18332
3 315365
5 506247
2 941893
5 30017
1 95370
3 602479
1 521766
5 56245
1 147362
1 799517
3 43838
5 738190
3 210157
3 147929
2 154111
3 920757
5 658349
3 108396
1 527170
5 653148
3 735345
5 748471
1 1057
4 37746
4 753448
1 639776
3 534552
1 600192
5 395977
5 399624
3 980475
5 520148
5 481801
5 139356
5 477112
893 897549
3 583510
2 556481
2 286138
5 782746
4 668063
4 165605
2 755718
2 775268
3 148377
4 698299
1 6537
1 847464
2 871190
3 41991
2 603563
2 884122
5 524592
3 976934
4 504303
5 595593
3 703258
5 472199
3 608570
5 379920
5 20852
1 103665
4 582075
5 589239
2 416678
4 813149
3 944616
4 425857
5 977781
1 910690
2 901861
5 967537
1 514576
4 241533
4 448538
3 709258
5 189114
4 321909
3 957162
5 388765
2 38499
4 697180
1 23633
4 397145
5 562500
5 997801
1 107669
4 412287
4 695634
2 235160
2 658243
5 99806
1 646783
4 723741
4 635641
5 991469
3 598060
2 818404
2 657520
1 497695
1 552297
3 635076
2 424039
4 408429
3 487742
2 31188
1 368582
3 772959
4 979931
5 689053
1 481676
4 395002
3 713658
2 223300
3 487716
2 473061
1 790124
1 970195
3 588641
1 264961
2 51888
2 480475
4 41208
5 231850
5 93685
4 822064
5 442350
3 517184
2 389092
5 34182
3 151742
4 882069
3 286411
4 83501
1 129675
4 851831
1 846645
4 311110
2 234922
2 982182
4 571722
1 606233
4 435374
4 709363
1 590002
5 97351
4 459668
2 329723
5 210870
3 794021
2 919439
1 754753
4 523053
1 126955
4 266279
3 729857
3 331351
5 425122
4 931088
3 853576
5 631625
1 401877
2 343755
50 612585
3 356998
2 408733
2 523222
4 744349
3 800142
3 276000
3 336784
5 747282
2 90742
4 84281
1 480185
3 74540
5 14103
2 162567
2 434735
2 538629
3 877940
5 996735
2 320723
2 899751
4 382196
4 186528
2 72058
2 470717
1 561773
5 172462
4 80578
2 56062
3 831399
5 594817
4 662744
1 987477
3 553424
2 789603
1 89711
5 110339
2 325252
3 233772
2 58700
3 325847
5 197918
845 891052
2 410675
5 460590
5 616847
4 229659
5 473621
1 510360
1 990914
2 219754
808 130575
5 910965
3 229564
4 747338
1 948581
1 304766
2 282880
2 136101
2 424106
681 178253
3 590
1 646634
2 400920
4 134930
2 280379
2 735168
5 492328
2 778767
2 183739
4 136523
1 290312
1 330348
2 605572
4 806084
3 352120
4 805445
4 792013
3 174307
4 592411
5 867293
5 831197
1 86145
2 978962
3 330647
1 681027
5 743532
430 541718
4 883871
1 583557
4 412776
5 922253
4 898929
2 351383
1 108584
1 799164
4 219470
5 580115
3 197214
5 447141
4 970354
5 816722
3 653404
4 512515
1 962932
3 102065
2 348885
3 27093
3 727022
3 566181
3 84506
1 513395
1 865776
4 980249
2 395980
5 302094
4 666124
1 348149
1 741027
4 344245
2 202232
2 881295
3 132882
3 257724
5 215812
5 703725
3 924363
4 929929
4 168461
2 140889
1 469177
4 778490
4 913117
1 198995
3 232999
4 454539
3 450392
3 92238
3 36620
123 337969
3 738468
3 662870
2 669962
3 824936
2 116463
1 724225
3 231828
4 559165
5 101908
4 335856
4 117505
3 969965
2 600105
4 494064
3 861552
5 887815
5 97264
5 687678
2 795773
2 238927
3 736601
2 914059
3 873175
1 181474
2 658046
1 391823
1 44638
5 386326
3 719736
4 282307
5 503953
1 818213
1 728268
4 552467
4 612838
4 430543
2 676873
3 23394
3 97148
2 364891
2 934435
4 938726
3 599827
3 120787
3 33902
4 334694
4 524728
2 931189
3 432026
2 217872
4 412133
2 721400
4 95529
2 644301
1 348623
3 117512
4 920551
5 438426
5 359670
2 234128
4 47937
5 367436
5 594638
1 484604
2 121265
5 315698
5 763724
2 88546
2 819656
5 713867
4 434375
2 466673
5 65254
4 958836
4 487278
4 563635
5 102554
4 1497
1 501973
1 676067
1 475431
4 692445
5 697079
3 255441
3 541549
5 637129
4 706766
1 345263
2 612949
3 651935
4 826743
5 972686
5 598532
3 66967
3 491545
2 934742
4 547195
2 762424
5 240659
5 179446
3 438533
3 576001
1 545987
1 661676
3 154089
3 34356
503 129650
3 95538
4 961570
1 827535
4 387304
2 791737
1 114518
4 883876
3 509916
3 553866
1 300633
3 318236
2 778640
3 315026
2 273622
1 87080
5 146780
3 216243
2 512196
4 799235
5 467034
3 914561
5 554874
3 137729
4 169190
4 353679
5 638552
5 468676
5 381034
3 427378
3 45449
831 543038
2 240889
5 322856
5 561652
5 738997
1 318969
5 604790
5 894792
3 836823
4 413741
1 42593
5 437841
4 107619
3 82974
2 437973
5 42145
2 82737
3 776049
4 92706
4 908708
4 405646
2 776389
1 891362
2 788515
4 470641
1 230436
2 143335
1 320352
5 509641
2 41128
4 315752
2 916686
3 919718
2 567565
5 548032
4 246715
4 349283
2 560983
1 929262
1 214555
3 257053
2 970354
1 715789
2 225182
4 158716
4 325678
3 170000
1 548873
5 649062
5 28792
1 270076
3 810803
2 61461
2 19299
2 496458
2 820818
3 424851
4 852532
1 843627
2 900133
5 305779
1 423397
4 836914
2 809862
1 553480
3 236457
4 407882
3 374555
5 861401
3 246521
4 762450
1 335543
4 30291
1 801445
3 120483
3 713184
3 81251
3 200318
2 541813
3 749096
1 772393
3 691009
2 996587
1 310399
2 581690
4 387743
3 985402
1 721450
4 724632
1 869925
3 444137
5 852566
5 19066
2 717286
4 198805
3 892230
2 250211
2 359284
5 991938
3 433868
2 768288
3 554390
5 810050
2 811135
1 28439
3 14933
1 922549
3 843854
3 501516
1 459498
4 594055
5 343070
1 317052
3 891334
4 197033
4 198506
1 772497
4 886390
4 404522
4 778031
3 39312
4 395901
3 561636
4 114968
2 676444
1 85117
2 249296
4 233945
3 16534
4 312588
3 574170
1 495738
3 508300
4 969618
2 530647
1 559249
2 86170
2 689789
4 266686
4 24512
2 621846
4 91262
4 271148
2 487659
4 997276
1 848099
4 940847
5 832052
1 619098
1 98145
3 441407
5 247307
4 602649
1 9794
5 613032
4 170631
1 973874
1 865764
5 760831
4 342869
5 141207
4 21923
4 643510
1 460200
5 575932
3 920184
3 612782
4 752288
4 801272
2 378285
2 747277
5 966045
1 483516
5 130951
1 938403
5 719519
4 818129
1 936689
4 196368
1 602133
1 127846
3 780653
5 275181
3 850077
4 625846
2 192846
3 835542
1 507318
1 976390
5 643589
2 160164
5 188308
5 774601
1 317513
3 549782
4 348226
4 549727
2 836508
5 905550
5 768433
5 880651
2 910060
2 557510
2 696068
4 260037
4 149896
3 872312
4 489783
3 550092
1 492520
3 403394
1 200329
5 599455
1 159465
2 317031
3 350641
3 207368
4 570171
4 594372
4 899360
5 31192
5 842945
4 842555
1 619537
5 747944
1 752448
1 991880
4 404164
5 940704
2 637886
1 277916
3 856632
2 281815
4 720316
2 434418
3 481874
3 378887
2 922697
4 834207
3 500879
4 784968
5 886628
3 104576
3 952754
1 870
1 176595
5 781502
2 35530
3 614251
1 976273
4 111779
3 320814
4 620754
5 641330
1 322609
4 375105
2 113517
5 408390
2 101353
5 138556
4 546109
5 664434
4 782603
3 713776
1 622579
5 888459
5 239210
3 202246
2 992382
2 471933
3 495476
5 153747
2 285530
5 525482
5 341703
5 336232
3 860079
5 776523
4 550128
1 163616
3 115556
4 47152
3 816091
2 840548
1 887642
2 350043
5 742491
1 478592
3 652923
5 851322
2 955890
5 855914
1 975701
4 533544
3 439261
5 757389
3 961608
1 331406
2 211727
1 763674
3 326256
5 480721
4 150075
2 909844
4 289198
990 5 3
2 758594
1 622347
5 534283
4 137065
3 989850
2 326918
2 998705
2 944311
1 995722
1 260981
2 54284
3 36927
4 293511
4 571802
2 184758
1 688898
3 835098
2 65056
1 783007
3 564647
4 936516
3 390739
4 285846
5 302684
4 830402
5 894972
2 433439
4 260342
2 498475
3 579652
3 356901
1 347879
4 650818
5 24218
1 156755
1 719507
4 660778
4 887192
2 460454
5 924322
1 719195
1 334451
5 204423
2 900722
4 796754
4 939780
1 947198
1 540423
4 670056
1 418367
2 951342
2 584559
1 887247
5 511937
4 311998
5 358591
4 626119
2 367566
5 241356
2 837843
1 978928
1 901155
5 409116
2 693327
3 280594
4 671811
2 959027
3 796082
5 317083
5 347070
4 420397
4 979290
2 300346
3 123959
1 660328
3 844102
5 788840
4 333380
5 144435
5 1319
2 62640
2 724313
2 366628
2 465533
3 755536
5 209893
4 395176
1 724452
1 570256
5 885391
2 590588
4 245109
1 773150
2 746173
3 463237
1 322318
4 766059
2 958848
5 233826
5 45438
3 346228
4 515916
2 362500
3 745296
2 311356
3 407085
4 955786
2 775187
3 820647
4 887042
3 656600
3 156924
2 534757
1 480672
5 604401
1 164290
4 297946
388 968616
1 457378
2 570288
5 745004
2 324264
4 874723
4 207962
5 289508
5 934474
4 911602
4 755145
5 693296
2 383418
3 624873
5 764122
3 240382
4 197050
1 64294
5 304621
4 817295
2 883063
3 99572
5 341058
4 683827
1 253195
3 11338
5 647078
1 200218
1 462215
1 235313
1 954053
1 582901
5 174141
1 699433
3 221284
2 635531
1 603006
2 386454
4 641761
4 777790
2 829637
2 933691
5 266572
5 352150
2 37111
4 961497
2 300273
5 64135
1 609558
5 285612
2 464299
5 631403
5 490948
5 56422
2 275915
5 718225
5 909481
5 669606
5 11056
2 248750
3 237359
4 549952
5 722175
4 575525
2 913637
1 957189
5 682453
3 293728
4 743319
4 507658
1 388365
2 958206
1 534838
1 675566
2 565890
2 271046
5 616094
4 30436
4 169344
1 548720
3 396845
5 69099
1 39252
1 928895
5 340999
2 689411
5 263582
5 104682
3 662403
4 346209
5 884546
1 81867
1 129136
2 817516
2 371086
4 854081
1 960287
2 905027
2 573679
3 811143
2 991695
2 640907
3 310854
4 7069
1 901043
2 265774
4 577514
4 680130
4 501118
1 82317
1 480615
3 643763
1 214921
4 427661
4 668004
5 830987
1 75951
3 677777
2 217682
2 582855
1 789112
5 490596
3 735415
3 406885
3 495439
4 947964
5 813510
1 151955
5 106596
1 343181
4 607257
1 457804
5 180419
4 734994
5 437338
3 931424
5 68337
3 541466
4 609852
3 732021
5 879911
1 652752
1 515019
3 240861
2 418300
3 389645
1 538472
3 942955
1 540292
2 964265
5 256558
3 28776
4 194548
4 993958
4 770632
3 794340
3 675812
5 900693
5 882661
2 741279
5 438177
5 171651
4 930542
4 240015
5 737769
4 755836
4 519158
1 269876
4 299122
4 838632
1 946696
2 65165
3 261409
3 327470
3 488340
3 664549
4 869897
921 709135
2 921975
4 973929
3 714718
4 108391
1 839682
3 293351
3 511695
4 492933
4 664831
5 899887
5 406187
3 38902
2 190854
2 287594
3 251722
5 207891
4 616229
5 988941
5 602546
5 695294
2 415988
3 290822
1 564728
2 51710
1 882645
2 263022
3 820474
4 207458
2 347949
3 640995
2 335964
5 235063
2 302096
4 592983
1 227411
1 291372
2 549835
3 891791
5 48787
5 488498
2 746920
3 745864
3 145147
3 441594
1 703576
3 434015
3 265824
1 972503
5 848290
4 244539
5 267550
5 541537
2 61860
4 561622
1 43721
4 201940
5 677910
4 558028
5 842952
2 922549
2 312153
4 901290
5 340694
4 195630
1 539808
3 99734
1 860176
1 36415
4 961877
1 778797
5 355728
3 142435
2 136210
5 584466
2 103583
159 124756
3 432984
5 724905
2 261555
4 144525
3 59372
4 16842
4 2574
5 159365
1 89016
1 833372
4 931630
1 94297
5 518169
5 172956
4 60942
3 935000
1 981305
2 803309
3 572414
2 526562
5 621291
3 626519
4 945549
3 165650
172 812956
4 122305
5 777794
3 283787
2 96808
4 99799
5 397691
2 591689
2 512703
3 924223
4 797392
5 671422
1 824499
4 982116
3 777322
2 334857
3 95141
2 809960
1 7744
1 123181
4 261086
3 155323
5 656221
2 369703
3 724256
3 172146
4 132988
3 542672
2 888496
1 747507
3 528540
4 97494
1 457666
3 508205
2 465454
1 574269
4 676919
4 274203
2 556215
1 149180
5 443351
2 426810
3 910124
1 989321
2 630687
1 534672
3 222012
4 161395
5 764604
3 176194
3 195325
3 43091
5 23899
2 252156
1 142078
3 907929
5 270447
3 464467
3 107043
5 746779
1 3172
4 719197
2 64347
4 59463
5 900039
2 473896
1 158790
2 994705
3 262844
4 87085
5 419775
3 732165
1 644142
2 444111
2 212018
5 226623
1 812490
2 224625
1 514915
3 886026
3 18431
4 867370
1 241046
4 709966
5 915747
1 793915
5 722142
5 227048
3 571992
4 92056
3 487613
2 706092
2 773759
1 326359
3 367387
4 856682
4 500137
1 620793
5 587321
5 628793
2 440533
2 220483
5 14588
5 966893
4 666033
2 688371
2 357697
4 55414
1 484141
1 607937
1 453309
4 609532
1 887827
2 874617
3 603783
5 260262
1 407466
4 57087
2 361337
2 902074
1 787480
2 213966
2 593054
1 856078
2 37982
5 474748
1 166064
1 31465
3 484497
1 158014
5 775805
2 17333
1 103624
3 214532
1 278504
2 87486
3 748042
2 315198
4 532173
2 906269
2 279414
4 27186
3 790680
1 927710
4 122189
4 847803
4 801138
5 722856
4 567477
1 4853
3 221243
5 896513
5 630706
4 626228
4 561099
2 891339
3 625643
1 976895
5 750903
2 921857
2 420176
3 445915
693 949354
4 370188
2 136576
2 164253
1 970228
2 170235
1 32946
1 231454
4 18312
4 882842
4 432684
3 893314
5 210973
4 820109
1 549411
3 498613
4 263835
5 65128
1 896132
1 40948
3 865341
5 327789
5 281692
5 578400
4 602820
2 788089
1 351142
2 350747
1 793498
4 35676
4 440678
3 258292
3 407798
1 91868
2 880987
4 891416
5 256704
1 773070
5 506484
99 441758
4 159264
2 56209
3 122220
5 671700
4 82131
5 984445
4 709603
1 645233
4 372005
2 322537
5 850526
2 267229
3 42302
5 694309
1 155713
2 530480
2 732440
1 832633
3 31471
1 573000
4 272578
4 75393
675 616033
5 923402
2 212504
5 229374
5 966392
5 589120
2 112018
1 651888
2 296880
5 987864
3 900913
1 592163
2 542706
4 788623
5 941246
1 39215
2 727594
2 658105
2 788535
3 961118
4 242302
5 628260
3 743963
5 58646
4 518674
1 360277
1 98438
4 963557
1 884215
2 531511
5 480301
3 964931
4 203916
1 379962
5 269404
1 408352
2 724618
5 896020
3 335136
2 323625
2 767769
4 721424
5 334878
2 460411
1 312776
3 430457
5 193525
3 145502
5 386858
3 604258
1 506066
4 526964
5 813933
1 254535
1 37089
2 112605
4 422534
3 509086
3 405315
1 224904
1 682478
3 153155
5 502759
5 996608
2 703925
5 760274
1 563566
4 442078
5 896833
4 729084
3 497235
4 537713
1 526834
1 803248
5 690404
3 316025
1 125856
3 985364
1 241359
1 805812
3 940382
5 611991
4 189110
3 263878
4 247672
1 370423
4 689761
1 657218
2 70851
2 376390
3 489733
1 24252
5 73209
5 57725
5 244396
4 747505
1 92550
1 849413
5 970795
3 853557
4 525385
3 950553
5 713054
4 782141
2 278206
2 585424
4 618584
1 889517
1 870631
5 732707
5 504715
1 810515
2 709750
1 22723
3 985803
4 570538
2 908250
2 733615
1 844059
2 868600
1 584240
5 886152
4 851895
5 664577
5 661544
2 410688
4 52510
3 451029
2 601868
4 289759
3 921334
3 79648
2 816218
4 337863
3 438533
4 882721
1 209859
3 363950
4 905555
3 840101
2 65427
2 461585
2 850910
5 456145
3 675027
1 133317
4 880245
4 111607
3 373240
1 570467
1 831315
1 716589
5 965183
5 744644
1 686254
5 480479
3 252283
2 705706
1 982581
4 369848
1 22759
3 624298
5 300562
4 925382
2 531599
1 257092
5 541710
3 284724
1 463375
3 42634
3 357431
2 673411
3 848996
2 159033
4 887799
5 553075
1 798821
3 282747
2 64470
4 900883
3 559579
4 348470
2 487959
3 626764
2 460047
3 352074
5 762928
1 502945
2 153898
3 654771
3 904772
4 837129
188 522709
2 706619
2 281471
1 539820
4 878093
3 568296
2 8862
2 787318
1 226764
4 639878
5 496989
2 164844
5 94541
1 645501
2 78292
4 827451
2 200171
5 853701
3 389344
3 637074
5 67573
3 88373
3 575385
3 6623
2 58899
3 537346
5 693840
2 227786
2 71754
5 263526
4 158863
2 39368
678 862555
4 397419
4 79158
2 428528
3 544838
2 579725
1 726995
2 714518
5 160463
2 451974
3 401997
4 154886
5 132229
4 103659
5 579540
2 755823
4 866835
5 83454
1 44431
4 55540
4 682118
1 516281
3 912786
2 131908
2 719128
3 87182
2 755666
1 658973
3 844702
5 160721
5 94934
4 256311
3 549000
3 380720
4 472051
1 597436
1 549789
3 750380
2 854869
2 780539
4 432335
1 429511
4 858633
5 715998
5 787545
2 884555
4 331647
4 569112
5 704475
4 52603
1 820581
1 650553
2 176397
4 889133
1 618149
1 317576
3 251748
1 471006
3 813000
1 959490
2 139126
2 787456
5 373276
4 802604
1 373812
1 485577
3 432686
3 853280
3 463014
2 139493
3 720289
2 561754
5 409716
3 88142
4 402654
4 490082
1 926921
4 704440
1 496607
1 73018
4 416646
4 153033
5 429322
1 806078
5 956638
1 404028
4 544469
2 195639
2 982745
4 223069
3 69091
5 474460
5 728162
5 665230
3 65767
4 101336
2 290444
3 862939
2 257407
2 583240
3 917220
2 105608
4 268951
4 795637
4 220859
5 707987
3 510105
2 588739
3 30097
2 308366
2 448291
5 502733
222 951033
4 506783
5 27142
2 546427
4 281789
1 52651
3 84953
5 711240
1 192372
4 192076
5 957194
1 705840
1 20659
1 849052
3 653272
3 278126
5 988486
5 727873
3 4216
2 485893
2 104657
5 364844
3 808188
1 686308
5 472440
2 591571
2 26750
4 552646
2 367010
1 616390
2 500748
5 146574
5 771357
3 191722
3 536463
