1000
1 2
2 3
3 4
1 5
1 6
6 7
7 8
1 9
1 10
10 11
11 12
1 13
1 14
14 15
1 16
1 17
1 18
18 19
1 20
1 21
1 22
1 23
1 24
24 25
1 26
1 27
1 28
28 29
29 30
1 31
31 32
32 33
1 34
1 35
1 36
36 37
1 38
38 39
39 40
1 41
1 42
1 43
1 44
44 45
45 46
46 47
1 48
48 49
1 50
1 51
1 52
52 53
53 54
54 55
1 56
56 57
1 58
1 59
59 60
60 61
61 62
1 63
1 64
64 65
1 66
1 67
67 68
1 69
69 70
70 71
71 72
1 73
1 74
1 75
1 76
76 77
1 78
78 79
79 80
1 81
1 82
1 83
83 84
1 85
85 86
86 87
1 88
88 89
89 90
90 91
1 92
92 93
93 94
94 95
95 96
96 97
1 98
1 99
1 100
1 101
101 102
102 103
103 104
1 105
105 106
1 107
1 108
1 109
109 110
1 111
111 112
112 113
113 114
1 115
115 116
1 117
117 118
118 119
1 120
1 121
1 122
1 123
1 124
1 125
1 126
1 127
1 128
1 129
1 130
1 131
1 132
132 133
1 134
134 135
1 136
136 137
137 138
1 139
1 140
140 141
141 142
1 143
143 144
144 145
1 146
146 147
147 148
1 149
1 150
150 151
151 152
1 153
153 154
154 155
155 156
1 157
157 158
1 159
159 160
1 161
161 162
162 163
163 164
164 165
165 166
166 167
1 168
168 169
169 170
1 171
1 172
172 173
173 174
174 175
1 176
176 177
1 178
178 179
179 180
1 181
181 182
182 183
183 184
184 185
1 186
1 187
187 188
188 189
189 190
190 191
1 192
192 193
1 194
194 195
195 196
1 197
1 198
1 199
199 200
1 201
201 202
202 203
1 204
204 205
1 206
1 207
1 208
208 209
209 210
1 211
211 212
1 213
213 214
214 215
215 216
216 217
217 218
1 219
1 220
1 221
1 222
222 223
223 224
1 225
1 226
226 227
1 228
228 229
1 230
1 231
231 232
232 233
233 234
1 235
1 236
1 237
237 238
1 239
1 240
240 241
1 242
1 243
243 244
1 245
245 246
246 247
1 248
1 249
1 250
1 251
1 252
1 253
253 254
254 255
255 256
1 257
1 258
1 259
1 260
1 261
1 262
262 263
263 264
1 265
1 266
266 267
1 268
268 269
269 270
1 271
1 272
272 273
273 274
274 275
275 276
1 277
277 278
278 279
279 280
1 281
1 282
282 283
283 284
1 285
1 286
1 287
1 288
288 289
289 290
1 291
291 292
292 293
293 294
1 295
1 296
296 297
297 298
298 299
1 300
300 301
301 302
1 303
303 304
1 305
1 306
306 307
307 308
308 309
1 310
310 311
311 312
312 313
313 314
1 315
315 316
316 317
317 318
1 319
319 320
320 321
1 322
1 323
323 324
324 325
1 326
326 327
327 328
1 329
329 330
330 331
331 332
332 333
333 334
1 335
335 336
336 337
1 338
338 339
339 340
1 341
1 342
342 343
1 344
344 345
1 346
346 347
347 348
1 349
349 350
1 351
351 352
352 353
1 354
1 355
1 356
356 357
1 358
358 359
359 360
1 361
361 362
362 363
1 364
1 365
1 366
1 367
1 368
1 369
1 370
1 371
1 372
1 373
1 374
374 375
375 376
1 377
1 378
1 379
379 380
1 381
381 382
382 383
1 384
384 385
385 386
386 387
387 388
388 389
1 390
390 391
1 392
1 393
393 394
394 395
395 396
1 397
1 398
1 399
1 400
400 401
1 402
402 403
1 404
404 405
1 406
1 407
407 408
1 409
1 410
1 411
1 412
1 413
1 414
414 415
1 416
416 417
1 418
1 419
1 420
420 421
1 422
422 423
423 424
1 425
425 426
1 427
427 428
428 429
1 430
1 431
431 432
1 433
1 434
1 435
435 436
436 437
1 438
438 439
1 440
1 441
441 442
1 443
443 444
444 445
445 446
446 447
447 448
448 449
1 450
1 451
451 452
1 453
453 454
1 455
1 456
1 457
457 458
458 459
1 460
1 461
1 462
1 463
463 464
1 465
465 466
1 467
467 468
468 469
1 470
470 471
471 472
472 473
1 474
1 475
1 476
476 477
1 478
1 479
479 480
1 481
1 482
482 483
1 484
1 485
485 486
486 487
487 488
488 489
1 490
490 491
1 492
492 493
1 494
1 495
1 496
496 497
497 498
498 499
1 500
1 501
501 502
1 503
1 504
504 505
1 506
506 507
507 508
1 509
1 510
1 511
511 512
512 513
513 514
514 515
515 516
516 517
1 518
518 519
1 520
520 521
1 522
522 523
523 524
1 525
1 526
1 527
527 528
528 529
529 530
1 531
1 532
532 533
533 534
1 535
535 536
1 537
537 538
1 539
1 540
1 541
1 542
1 543
543 544
1 545
1 546
546 547
1 548
548 549
549 550
1 551
551 552
1 553
553 554
554 555
555 556
1 557
557 558
558 559
1 560
560 561
561 562
1 563
563 564
1 565
1 566
1 567
1 568
568 569
1 570
570 571
571 572
1 573
573 574
1 575
575 576
576 577
1 578
1 579
579 580
580 581
581 582
1 583
1 584
584 585
585 586
586 587
587 588
588 589
589 590
1 591
591 592
592 593
593 594
594 595
595 596
596 597
1 598
598 599
1 600
1 601
601 602
602 603
603 604
604 605
1 606
606 607
607 608
1 609
609 610
610 611
611 612
1 613
1 614
1 615
615 616
1 617
617 618
1 619
619 620
620 621
1 622
1 623
1 624
1 625
1 626
1 627
627 628
1 629
1 630
1 631
631 632
632 633
633 634
1 635
1 636
636 637
1 638
1 639
639 640
1 641
1 642
1 643
1 644
1 645
1 646
646 647
647 648
648 649
649 650
650 651
1 652
652 653
653 654
654 655
655 656
656 657
657 658
658 659
659 660
660 661
661 662
662 663
1 664
1 665
1 666
666 667
667 668
1 669
1 670
670 671
671 672
672 673
1 674
1 675
675 676
676 677
1 678
1 679
1 680
680 681
1 682
1 683
683 684
1 685
1 686
686 687
1 688
688 689
1 690
690 691
1 692
1 693
1 694
1 695
695 696
1 697
1 698
698 699
1 700
1 701
701 702
702 703
703 704
704 705
1 706
1 707
1 708
708 709
1 710
710 711
711 712
712 713
1 714
1 715
1 716
1 717
1 718
718 719
719 720
1 721
721 722
722 723
723 724
724 725
1 726
726 727
727 728
1 729
729 730
1 731
1 732
732 733
1 734
734 735
735 736
736 737
737 738
1 739
1 740
740 741
741 742
1 743
743 744
1 745
1 746
1 747
747 748
748 749
1 750
1 751
1 752
1 753
753 754
754 755
1 756
756 757
757 758
758 759
1 760
1 761
1 762
762 763
763 764
1 765
765 766
766 767
767 768
1 769
1 770
1 771
1 772
1 773
1 774
774 775
1 776
1 777
777 778
1 779
1 780
780 781
1 782
782 783
783 784
784 785
1 786
1 787
787 788
788 789
789 790
790 791
1 792
1 793
793 794
794 795
1 796
1 797
797 798
798 799
1 800
1 801
1 802
802 803
1 804
1 805
1 806
1 807
1 808
808 809
1 810
810 811
811 812
1 813
1 814
1 815
815 816
1 817
817 818
818 819
819 820
820 821
821 822
1 823
1 824
1 825
1 826
1 827
827 828
828 829
829 830
830 831
1 832
832 833
1 834
1 835
835 836
836 837
1 838
838 839
1 840
840 841
1 842
1 843
843 844
844 845
845 846
846 847
1 848
1 849
849 850
1 851
851 852
852 853
853 854
854 855
855 856
856 857
857 858
1 859
859 860
860 861
1 862
862 863
1 864
1 865
865 866
866 867
867 868
868 869
869 870
870 871
871 872
1 873
1 874
874 875
875 876
876 877
877 878
1 879
1 880
1 881
881 882
1 883
883 884
1 885
1 886
1 887
887 888
888 889
889 890
890 891
1 892
892 893
893 894
894 895
895 896
896 897
897 898
898 899
1 900
900 901
1 902
902 903
903 904
904 905
905 906
906 907
907 908
1 909
909 910
910 911
911 912
1 913
1 914
914 915
1 916
1 917
917 918
918 919
919 920
1 921
921 922
1 923
923 924
924 925
925 926
926 927
1 928
1 929
929 930
930 931
931 932
932 933
933 934
1 935
935 936
1 937
937 938
938 939
1 940
1 941
1 942
1 943
943 944
944 945
1 946
1 947
1 948
948 949
949 950
1 951
951 952
1 953
1 954
954 955
1 956
956 957
957 958
958 959
1 960
960 961
1 962
1 963
1 964
964 965
965 966
1 967
967 968
968 969
969 970
970 971
1 972
1 973
973 974
974 975
1 976
976 977
1 978
1 979
979 980
1 981
981 982
982 983
983 984
984 985
985 986
1 987
987 988
1 989
989 990
990 991
991 992
992 993
993 994
1 995
995 996
1 997
997 998
1 999
999 1000
4876203697187506176 2000 0
785601 602538 5 5
701179 613102 281 1
980937 564867 674 5
821477 673482 767 2
568584 574411 577 2
4247 654002 16 3
550037 502068 591 1
721242 654131 121 2
832152 664424 433 3
274938 637613 694 4
882717 666394 85 2
492662 596609 553 2
100326 549207 301 1
116508 594287 791 2
961180 560108 737 1
33892 516794 836 1
611809 697461 16 4
434906 603546 591 2
838749 617021 841 1
662498 568137 491 3
703253 526116 104 5
29603 643475 527 1
247284 581696 334 1
187067 682307 563 1
921959 622282 961 1
602173 658731 790 5
452323 613338 840 2
214141 507180 550 1
210306 505367 651 3
787645 540074 897 5
19099 635695 735 5
965455 676148 525 1
597004 614460 326 1
51469 647030 903 4
501738 552119 807 4
484632 581313 885 1
789516 587093 564 4
716177 688732 855 1
280171 553826 156 5
816605 548441 586 4
817417 568241 461 1
259884 590212 980 2
255006 656328 969 5
351425 645702 757 1
891253 611381 505 4
450960 632558 881 2
610640 651858 738 3
410553 547253 719 3
125002 625511 289 2
929490 588086 643 2
777102 686834 676 1
774682 526462 483 1
307311 508124 913 5
286680 601823 190 1
804120 598818 169 2
733683 671377 276 4
158387 609664 197 1
91579 572971 381 4
873732 687316 43 3
275159 667165 362 5
605001 699691 806 4
724240 568508 225 1
118281 507696 721 2
762878 524963 791 5
690127 616388 484 5
852660 625722 541 1
550939 626000 428 3
365939 611942 825 2
161307 528231 397 4
833815 644054 671 1
281717 678185 57 5
924430 619847 184 4
649620 578613 97 1
102463 523634 71 2
76550 503251 551 5
15729 532067 301 1
615134 596830 631 1
407916 513302 466 4
873699 674117 142 1
46263 640629 293 1
878148 590194 869 3
722800 617559 725 4
342646 635057 331 2
740953 552023 201 4
161599 594244 594 1
969141 539092 901 4
861692 672479 95 1
442523 617088 509 1
882339 589610 153 2
939175 625964 109 4
402632 637473 715 5
516394 520352 190 4
761547 690382 761 5
21761 663803 401 3
371108 510375 866 1
180980 578012 106 5
665758 659957 369 1
878755 592943 515 4
638092 664679 553 3
785943 563639 299 3
436411 650848 717 3
833975 683361 35 1
51605 690172 253 1
796545 529565 781 3
954958 656159 601 1
791127 636656 789 2
88854 571229 326 1
390917 534335 422 1
126435 599260 285 1
764191 575920 991 4
687520 670198 626 4
583408 636260 239 2
151304 648155 467 3
983613 514181 483 3
416977 639373 41 5
206324 509684 357 1
440331 502832 953 1
717881 629693 441 3
960879 526465 403 3
941874 586613 381 1
681098 576065 415 2
452376 553108 1 4
866977 532703 935 3
988413 640298 962 1
833327 616236 745 1
522370 684582 871 1
22245 613028 126 5
748682 523149 696 1
758977 524369 321 1
750373 567932 728 3
26650 640307 473 3
209133 692966 987 1
827574 645329 961 4
358939 578924 41 5
9960 605993 869 2
10320 548954 953 3
412313 534202 548 1
774877 540383 937 4
220873 592292 233 1
332507 516979 994 3
801278 511664 81 2
909311 632121 156 1
750592 522251 86 2
179554 637085 571 5
528638 669983 237 5
363939 623537 116 1
159951 630917 511 1
892807 530981 111 5
585719 693968 593 1
678583 569528 635 5
193206 544573 549 4
704763 556666 993 4
316382 510957 321 2
452886 598488 176 1
459024 539719 321 3
819089 658829 126 5
775046 530081 26 4
683169 573773 83 1
826358 653246 191 2
748171 698778 657 2
531066 550184 291 1
958880 518366 248 2
366119 693611 798 2
124530 545091 353 5
290294 569129 850 2
423941 610403 766 5
147303 612694 91 4
879760 671138 458 1
714394 699211 736 1
906991 674795 481 1
967502 664412 21 1
935687 674325 566 1
479098 524378 291 5
551298 519620 126 1
994941 640994 575 3
261455 531039 401 5
215253 584007 56 2
195084 634132 817 4
327968 685085 585 1
50782 580421 183 1
733015 645010 305 1
907959 602966 209 5
547054 539010 941 2
375990 696691 705 3
706916 574255 393 1
923123 660073 226 3
43140 515613 889 1
294622 685598 66 1
138075 520896 603 3
130651 579497 512 5
229445 651785 829 4
463919 563014 745 2
30775 506327 58 1
966444 629708 731 5
39368 553925 757 5
874844 501008 37 1
784142 667723 47 1
878555 553774 811 3
324800 657206 877 1
895957 619748 609 4
750257 656994 991 1
121644 662195 468 1
371324 663528 315 1
88351 677213 706 5
286660 617239 781 2
647250 681038 331 4
625455 584129 351 5
78224 593904 499 5
456268 567074 217 4
62272 672305 190 2
328672 653165 40 2
606283 605714 61 5
102664 612481 68 2
571221 600090 351 1
258509 537653 984 1
83072 602762 335 5
669030 660409 31 1
90883 510400 341 1
820641 534388 41 1
682616 677060 446 1
684926 690101 115 4
830429 655248 773 2
614950 574222 937 1
142563 505366 266 5
284207 646564 881 5
691585 501764 941 1
675879 606146 756 3
564028 511335 95 1
480985 565081 824 1
491721 604256 368 1
754510 511455 450 4
444543 536144 441 4
248291 554339 519 3
328289 524079 977 1
242613 669556 27 1
636084 531313 526 5
736732 549171 385 2
769436 682144 275 5
891109 537008 275 5
376838 685772 284 1
31428 661212 1 1
628900 676426 194 4
418158 574621 931 3
972041 580855 361 1
934916 532898 935 2
162441 550636 547 3
271730 623823 281 5
5991 675461 806 4
450224 585758 570 1
162485 564411 461 5
932822 552161 36 3
993138 665861 171 4
340888 615459 790 5
208010 619526 822 1
652332 681143 521 1
915904 572900 339 3
917657 695715 287 4
400130 619502 463 1
934389 512357 771 4
958312 684173 576 4
56251 625888 297 5
242079 646499 169 3
590583 551905 121 5
870535 669518 551 2
589017 502895 571 2
27348 665285 339 2
917838 679227 565 2
386151 611108 290 4
511018 524990 699 3
291793 607005 683 3
150143 696764 403 1
568308 631067 309 5
919978 613454 766 4
947793 620705 763 4
641131 630193 129 1
261552 511410 301 3
915274 527928 122 1
853397 660707 858 1
656659 553186 316 2
464371 601267 889 5
345560 595088 846 5
761241 610007 833 1
161314 666753 807 5
920242 509547 673 1
476323 614248 913 3
934959 544913 88 1
805115 576388 497 1
952974 640168 255 1
147303 544194 372 1
725968 607914 657 2
226326 619222 73 3
461501 522918 751 4
24148 687313 775 4
171688 505895 545 2
28178 554695 154 4
287712 653423 426 1
985409 559151 879 1
745504 554288 189 4
849789 581096 251 4
785567 654147 958 1
200587 543032 775 1
412610 663362 125 2
669967 648700 20 1
697735 549152 881 1
257894 579848 765 5
999687 669581 945 1
275834 578693 11 2
560282 590810 779 1
508070 659155 881 1
69394 512978 622 2
152908 515232 1 1
912968 561476 373 5
788793 527933 19 5
238675 524732 577 1
525687 649340 595 3
109096 513739 259 3
915756 511327 1 1
771579 500617 191 1
878174 589931 137 4
517727 650843 753 1
441424 537029 811 1
952219 521594 409 2
997854 585389 514 2
678706 564811 331 2
765336 603587 817 2
800648 580298 25 3
730726 616417 327 1
532313 689353 175 4
568928 667741 671 3
355323 620318 601 2
716184 585545 330 2
666129 546814 306 1
239027 545006 793 5
390023 675411 675 5
86057 625568 321 5
73818 569538 273 1
92043 696851 551 2
414456 529212 377 1
167133 547640 57 1
891833 560216 441 3
164936 627763 171 5
971151 571916 241 2
539477 682397 441 1
420900 565538 760 4
121871 661790 741 1
931893 611511 246 3
460516 557183 324 1
507771 615410 113 3
937362 587565 746 1
780522 598985 987 1
328337 615610 483 2
74654 619979 687 1
673935 576635 459 4
654125 698912 501 1
86703 604928 439 3
224902 500510 557 4
485622 660860 442 5
161705 651060 177 1
34722 609710 423 4
190672 632894 407 1
559201 691766 553 2
662536 645892 596 1
75747 586518 883 1
789955 657833 526 2
503057 544106 615 5
158439 648510 57 1
915437 595079 73 1
324497 571474 80 4
474538 565287 977 3
23789 537845 153 5
14570 584033 964 1
793839 618743 581 1
722507 546266 733 5
757358 555572 347 2
761686 671601 135 5
54115 666803 286 1
468646 632789 316 5
974950 680955 531 4
300412 539283 597 2
820815 516855 451 1
837584 632721 331 4
413275 504554 533 4
668696 606924 981 1
136422 670370 705 1
47759 548241 961 1
984577 584892 651 5
594972 681803 241 1
592157 641624 461 4
550411 583738 605 5
389820 680917 674 3
472833 600848 344 1
54931 572297 129 1
722727 685628 241 2
352036 647983 255 5
387125 508710 997 4
122393 590027 401 2
696541 579002 791 1
498920 630033 637 1
353032 621317 553 1
145040 534542 558 1
499085 656872 276 1
984601 620074 589 1
236934 576711 194 4
305299 540119 759 2
254040 696188 424 1
674580 677218 401 1
702235 518686 781 4
424626 587699 241 3
277384 661061 279 3
539111 502110 545 3
142526 645977 481 4
635831 638876 321 5
834007 571139 251 2
191611 643655 721 4
946838 628969 907 2
906531 619223 657 2
115201 554462 62 4
125344 560472 441 2
598905 510893 205 1
309291 580423 475 4
770884 613112 444 1
708135 698757 701 4
706855 584369 81 1
80322 639293 949 4
808177 617351 131 1
588649 684827 594 2
463914 625528 182 1
162596 577652 737 1
723195 652083 177 1
120992 575655 135 1
441969 553581 81 1
117875 668113 81 2
632562 651793 89 3
808095 551375 41 2
909446 687075 921 3
351153 508765 471 4
929653 523070 109 4
404995 695418 951 1
856640 531998 941 1
886228 582537 485 1
890384 517986 809 4
663289 548573 1 1
500484 679739 941 4
289111 502019 795 3
717692 607201 934 2
665038 668543 293 5
654025 514754 589 4
837864 606857 206 2
898570 665393 787 4
957024 509687 932 1
871645 552759 489 1
956186 552010 903 1
5987 538760 941 1
948966 500301 80 1
242800 530537 153 3
633115 646388 701 1
385757 673734 731 1
696279 630677 473 5
881233 689453 485 3
700680 580131 689 4
713306 607467 39 1
814546 578031 37 1
446586 529009 441 4
59716 587505 471 4
627266 590963 57 1
675793 598260 151 2
376405 568876 923 1
149361 567629 853 3
906627 619854 746 1
806701 664506 755 2
993739 502094 917 5
337721 691564 492 2
486195 579994 421 3
498306 601014 129 5
246727 530155 211 1
282966 585446 121 5
830261 675998 321 5
266483 543027 125 1
70764 601898 477 1
292615 619284 525 1
783103 644231 161 3
565609 626350 935 1
517155 523619 126 5
930318 578279 801 5
431953 656434 873 2
531362 659991 807 2
546341 662050 449 2
560427 676808 988 2
828380 692727 863 5
550780 558163 481 5
695311 646636 977 4
375498 509352 881 1
978110 656182 867 5
285855 508979 987 3
939087 556127 961 2
814210 698324 775 5
73260 547316 626 1
490361 696336 442 1
730339 523205 761 4
628581 578246 241 1
227643 682127 545 1
85247 676525 422 4
227085 639618 251 1
445457 504125 71 1
168238 654835 529 3
884285 621889 506 1
977087 682937 793 1
848351 500649 851 3
545983 575642 289 4
757364 618535 921 5
827733 574652 285 2
887016 650603 685 1
98480 594791 215 2
744961 510653 181 4
261320 658841 125 1
131946 570486 401 1
944140 506868 207 2
254658 539632 431 1
869666 667825 671 1
886584 660860 917 3
510267 602901 651 4
830482 690070 461 5
489006 514597 393 5
811845 500685 201 1
993430 503189 321 5
655775 503201 146 1
451112 621668 829 5
985580 664843 405 5
599902 667559 371 5
950431 554868 958 1
309665 533279 673 3
825261 639980 187 5
701123 524993 881 2
698892 568035 730 1
285236 644637 767 1
719507 580978 17 3
857253 540591 11 1
113279 683288 451 1
365001 647951 855 4
155260 644540 601 3
197562 676750 674 4
200887 549383 315 1
659144 627306 351 2
393771 662594 155 4
89527 628449 581 4
261446 554780 479 1
281160 682525 53 1
513861 545574 295 4
966970 567421 113 1
782744 531230 371 5
979096 606130 171 4
922467 626084 865 2
221399 569345 396 3
999930 546287 233 1
656819 656889 285 3
499120 548602 793 5
823866 550253 259 5
382617 630078 253 1
239768 543132 901 2
916042 689469 931 4
233648 512144 951 1
757767 688439 281 3
135050 558252 166 4
624234 645914 499 1
419428 548041 313 4
623984 698184 1 1
348562 524033 576 5
564600 642281 147 3
787515 635171 889 1
830864 671719 488 5
285524 583710 616 1
606252 553583 540 1
258676 615206 235 1
433349 631601 837 2
849444 564392 656 5
709260 678577 158 1
703624 525347 314 3
561019 530006 201 1
950642 584555 59 1
238907 661118 51 4
823116 634206 664 1
606506 661169 345 5
57874 667109 406 5
442789 690380 494 2
518546 692820 736 2
362938 615047 54 4
438363 523947 185 4
755892 603711 985 4
554562 632312 147 3
564045 545150 576 1
714047 618422 833 1
750065 582478 333 1
213247 634940 449 3
757807 552929 41 3
445541 695931 89 5
490843 578882 265 1
408771 684350 531 1
612940 618485 175 1
317163 661028 217 4
166565 517247 619 1
188017 643388 201 1
151970 601574 353 5
688719 628502 841 1
68286 562906 364 1
560784 629174 195 4
94611 618855 13 4
810992 636259 160 1
774042 503675 852 3
6383 634792 469 1
308033 697865 305 1
295371 658246 609 3
381779 608765 825 1
118116 528785 319 1
831540 689474 507 4
423508 547034 713 4
912799 659345 536 5
567658 645220 393 2
32517 692877 320 1
949274 510071 331 5
427657 656753 537 5
862248 541460 513 5
91620 512683 14 1
627663 599489 201 1
757234 549017 337 1
966262 634952 280 4
646418 620957 571 3
780066 545972 895 2
888919 689074 56 1
169599 678689 254 1
953455 688379 881 4
473104 500469 156 5
47683 634439 553 3
846561 569084 466 5
680713 592923 833 3
174065 539905 833 2
797847 529433 884 3
984751 570569 814 3
433393 504307 196 3
947318 545354 792 4
496539 571334 905 1
790022 642051 97 4
952058 575393 817 4
188765 656946 954 5
574137 689692 882 3
487535 545957 597 4
263621 596055 675 2
59221 599774 966 1
465704 628892 97 1
840412 515156 101 2
779125 591683 201 1
527901 567623 410 2
118543 679454 681 1
82145 645640 875 1
524970 614841 233 1
26351 644418 641 5
998963 632738 57 4
99323 667559 238 2
585269 655161 341 1
911885 661283 409 1
567478 667711 505 1
80261 555937 781 1
900998 648315 795 2
618598 535555 329 1
167829 549642 457 1
153124 535231 110 1
229448 629084 831 5
88283 550418 621 3
60937 543377 116 1
609316 508965 569 3
615800 697575 363 1
59559 526130 256 5
435613 589292 97 4
688997 512459 72 1
335225 621197 943 5
428958 566492 608 4
66269 678147 429 4
811917 587119 1 3
768559 674335 624 3
497226 585508 731 4
219891 639919 31 5
544943 584498 278 5
388696 509672 79 1
522566 511463 85 4
589201 615638 481 1
25115 583804 727 4
372662 563959 301 2
728406 513656 97 4
814223 557254 921 5
674878 637974 1 4
881741 502882 821 1
800759 622439 577 2
528249 665771 716 1
234920 610352 279 2
50173 621077 911 5
335355 534599 915 5
839065 558995 841 4
765988 616052 602 4
408797 586291 31 3
326280 695737 111 1
201154 580604 508 2
155101 526706 721 5
428711 530154 142 3
5977 663779 403 2
278603 610107 542 1
99952 576515 921 2
471039 514999 329 4
413685 671861 81 1
41943 611711 226 3
989221 610589 413 4
958149 584032 537 5
861340 514441 867 3
910031 582829 134 1
315989 597089 121 2
184595 698359 767 1
322591 589262 251 4
544356 672215 917 3
715157 689230 801 1
239251 593081 849 3
193762 565248 951 1
211502 598550 876 1
206110 695038 457 2
251826 534839 163 1
926459 665291 490 1
451520 515468 161 5
975908 616843 461 1
583509 507124 594 2
606743 656416 741 5
516120 565072 953 4
150343 678437 651 5
873166 572039 332 5
946811 699737 937 1
67685 526064 868 3
480158 673232 111 2
101258 622387 548 3
584497 580599 561 4
508104 526373 511 3
403003 682460 529 1
942414 627071 696 1
761123 588891 101 5
234914 510317 377 5
846302 563643 815 2
34546 559043 25 1
847398 541220 588 1
999213 646142 483 4
934230 532763 721 1
123962 538565 338 1
542790 637232 267 3
522654 542101 901 2
39956 581911 655 3
797683 684933 1 5
675337 639824 322 1
32525 548240 203 2
590447 559175 591 5
997230 670985 905 2
422130 534482 881 2
382494 595545 392 1
976837 543413 991 2
484726 526889 310 2
980784 676520 809 4
452560 659894 168 2
274751 601682 145 1
58689 580691 731 5
293454 685925 483 2
143718 580724 332 5
131302 536378 145 4
971982 503744 909 5
379790 608777 171 4
63269 651152 903 1
851502 698760 43 2
432508 697218 592 1
46193 637047 161 1
586264 624846 154 1
858988 508701 916 1
506980 502172 241 3
660346 677018 153 1
445383 605702 725 1
90584 619745 137 4
875611 542165 656 4
929775 630167 527 1
253630 672437 49 1
775795 636770 871 4
128610 545918 653 4
730730 649157 126 1
121947 640224 1 4
124497 552743 896 4
725658 553909 965 1
244871 533195 71 1
193407 680281 65 2
536184 574406 313 5
99084 556465 297 4
11443 549350 646 4
112631 676713 354 5
963633 625802 749 3
574375 666671 49 1
86752 519766 660 1
466211 611689 916 1
505031 523326 501 1
648112 606772 181 5
350491 569153 969 3
386453 569584 241 1
869585 636623 286 2
942194 681770 105 1
237803 539861 925 1
170257 654884 805 4
615329 561470 577 1
35226 630832 609 4
164839 558923 897 2
832108 613688 33 3
362103 545708 489 2
252598 679545 553 1
52274 618435 341 1
171951 642149 913 4
120554 626120 505 2
78373 621527 753 4
803185 506468 906 3
344029 657569 829 1
993301 541202 273 1
608444 697862 866 1
349349 535247 904 1
220225 581102 36 3
215378 661031 142 2
504914 598085 311 2
523840 696924 907 1
609486 619889 241 4
41947 517364 727 4
527654 558734 815 3
362846 557306 929 1
318495 609580 105 2
465323 539421 561 5
513807 578471 155 1
37264 605504 718 5
580819 505054 731 1
647899 631821 121 1
341144 697670 171 1
173361 613737 288 1
874427 564650 946 3
259853 575157 527 5
340759 503805 821 4
930331 644249 993 2
70106 545439 413 3
500806 535247 849 1
157492 696902 101 1
558989 512396 599 4
383494 581555 821 2
932624 510877 751 1
258646 552605 401 3
541132 653031 846 1
932418 699473 808 1
259311 673040 259 4
683064 683806 67 1
435432 678860 565 1
371978 570929 201 4
161376 681410 503 3
169905 605222 601 2
916833 682481 149 4
924233 573451 301 4
354367 540009 673 5
733356 594620 215 4
604177 658480 293 5
320192 536567 941 3
209280 599966 473 1
106664 679661 633 1
347398 623788 562 4
379507 694691 373 1
170690 579901 361 2
380035 630885 753 2
159088 698036 85 2
278871 629384 897 3
559454 583553 201 3
904550 597996 749 1
431878 560500 199 1
63149 688323 57 1
540108 678653 201 4
165265 537894 137 4
186203 630797 14 3
830899 607532 301 4
888474 643703 691 4
695464 596893 401 1
729783 507596 857 5
822944 500645 866 1
501075 588404 626 5
944467 672886 843 1
820559 651689 774 1
733870 517467 776 1
730147 604344 481 1
20277 651405 51 4
763317 562184 733 5
325188 525299 132 1
769868 561716 373 1
754099 647172 376 1
770842 602728 356 1
446518 690397 497 1
374168 581888 313 3
179695 636478 751 1
512646 696840 375 4
923566 678302 433 3
829238 583141 456 4
525064 540142 769 5
685982 596342 219 3
367245 502366 911 3
989300 592865 547 1
649324 672764 912 1
615381 579684 195 5
662081 521952 993 5
693943 676703 361 2
451786 601400 406 2
636844 513280 227 1
480482 543110 841 5
163473 679391 785 1
504684 516386 171 1
326119 516890 473 2
641489 697951 393 2
525174 643101 881 3
637957 541951 449 1
768014 688508 457 1
827709 657644 827 2
574406 538639 681 5
113443 527203 199 3
588586 526879 336 5
283246 689845 229 5
91508 620618 421 5
325707 572591 990 5
787412 666164 899 1
735944 537342 77 1
971020 528969 687 2
304571 686255 433 1
405828 558245 673 5
64893 514349 162 5
906903 691987 863 3
518304 501725 985 2
415659 553706 513 1
583811 581588 119 2
876645 655727 981 4
651750 595926 327 1
909730 669535 450 4
821660 677488 35 1
889877 572561 528 5
771404 584935 464 4
490663 558170 129 5
714336 684859 953 5
762287 506745 571 4
812126 613216 165 1
40019 615401 565 2
143639 566615 921 2
73007 587810 721 4
861211 533463 985 5
109372 507410 181 5
36386 597633 401 2
238584 505779 680 1
557818 594399 126 4
892233 622391 401 1
646137 663499 897 1
471341 607200 851 4
705608 578312 961 3
189913 698295 721 1
58799 507527 497 3
981937 641930 809 4
139146 680381 257 3
637292 631331 473 4
154943 681284 121 2
316548 649337 471 5
691520 516175 311 2
187398 660977 827 4
77507 575321 781 5
637739 654943 736 1
292966 635338 471 1
329808 619178 481 2
178919 572204 817 1
185816 614921 628 3
661583 505487 53 5
917687 519041 498 1
899861 516935 29 2
869598 686856 251 1
259313 519668 10 1
403180 651866 757 5
915847 639536 73 2
832847 542089 817 1
387034 553452 113 1
581388 608921 684 5
250658 610520 461 2
99959 532439 751 1
347243 527913 194 1
360007 673754 396 2
583785 503243 401 4
552773 549485 171 1
974220 697203 371 1
337883 500473 251 5
880897 656114 421 1
618829 598354 661 1
834405 599807 989 1
901338 528581 25 4
156363 544887 805 1
417598 629877 201 2
722354 535748 901 5
93799 556553 144 4
376539 559652 825 3
401550 671483 965 5
894381 550604 651 3
201591 599014 946 3
