1000 3000
691 523 684
497 597 3923
8 320 500
669 201 532
359 63 1818
340 158 1036
969 460 3694
584 904 2818
745 103 698
544 292 1049
999 224 72
325 120 7015
404 705 2642
898 581 6125
117 520 2991
582 794 2883
60 634 5286
774 958 1740
161 349 420
358 73 322
945 627 446
575 159 254
712 258 594
591 569 2211
421 744 3354
655 701 2893
933 263 9518
936 364 6962
171 451 687
612 919 616
332 494 6246
981 591 1338
386 560 2220
752 442 4394
175 296 2633
487 767 526
880 242 2124
228 460 3707
374 145 3782
946 816 824
784 522 269
475 568 324
280 624 3290
314 1000 1436
836 989 1182
289 513 472
960 660 4959
681 139 2732
515 809 153
137 991 570
991 26 5049
152 594 5224
503 318 446
841 145 1145
72 651 2204
989 767 574
290 74 236
163 151 510
661 397 2931
888 146 33
219 155 414
850 460 1324
494 91 140
515 551 119
784 28 2228
528 40 1528
198 361 4238
928 204 1185
345 770 2270
641 783 2142
574 357 1331
383 994 4604
563 83 8134
212 373 75
710 460 1286
465 217 3515
38 231 821
92 779 2345
535 982 1497
235 626 949
346 126 319
162 403 1478
394 447 1874
475 989 729
664 351 3277
962 488 1098
409 653 226
392 154 4742
78 27 572
13 930 1084
933 318 3035
970 447 2810
98 615 828
132 392 0
420 246 328
353 673 1246
274 855 609
709 605 3166
590 171 837
338 781 3901
809 554 2086
288 271 6555
558 186 2168
530 96 1218
606 859 1891
910 832 4200
443 941 200
73 531 5060
450 807 3511
214 917 1849
902 116 2614
980 393 585
854 690 454
979 945 2761
332 502 4867
502 882 1263
501 16 350
374 782 4127
406 956 5341
577 114 77
307 526 70
106 720 815
352 855 255
666 197 1638
436 631 1382
971 854 1831
871 336 3146
490 615 662
704 383 444
865 564 5004
729 661 597
389 904 176
750 896 105
499 880 3105
281 350 659
477 558 554
687 897 3772
728 500 2194
42 48 930
6 67 163
172 35 2701
285 88 2970
990 64 2016
546 904 944
351 580 1314
435 952 758
523 961 1660
97 909 1388
121 160 964
626 247 1076
415 705 5967
607 756 4344
416 876 2501
382 388 611
43 529 480
193 560 816
41 285 222
616 466 1183
771 188 1200
9 101 590
456 909 1476
484 145 7610
140 747 389
766 380 4471
707 907 0
338 233 1465
901 826 420
722 7 2491
729 754 1480
96 204 497
58 939 452
646 687 854
562 698 4269
261 431 840
1000 340 500
50 580 777
286 616 3305
257 399 660
32 962 264
211 852 294
885 504 375
921 839 1284
267 612 4609
722 116 1365
517 282 4803
868 263 5376
908 38 126
219 672 1450
446 475 663
422 617 2054
863 560 1067
881 894 886
244 679 131
686 701 1007
367 978 5923
202 428 203
392 446 3214
38 197 2647
326 662 828
239 137 439
471 318 513
725 626 1565
826 419 5888
400 736 2432
14 906 952
89 900 2616
435 177 3113
235 560 236
163 127 372
634 533 1373
127 475 1475
105 190 3028
72 457 1595
76 924 1140
424 698 3449
343 867 334
381 759 320
849 964 84
982 307 1618
37 230 3320
742 743 497
295 465 1786
969 209 1592
554 148 784
485 949 1201
766 782 2769
801 984 1638
118 6 228
645 777 1210
186 788 736
974 100 7134
289 440 3627
395 319 2379
645 827 7105
128 834 325
876 785 499
49 661 1662
142 561 825
374 362 768
635 526 3746
890 704 1345
993 486 1060
432 824 3389
240 344 48
95 948 290
409 705 5401
231 409 1213
657 653 168
100 994 1456
289 698 5268
87 282 4361
98 955 244
713 389 49
770 912 3436
99 838 2848
431 442 1887
561 83 4130
112 307 6317
652 723 3842
132 271 5699
337 40 306
190 727 301
78 235 1814
637 365 102
325 487 1831
970 529 6177
108 180 4292
213 283 946
375 594 1260
464 75 1562
806 19 349
304 909 255
574 23 1452
408 149 1285
810 880 645
128 932 275
391 784 1022
43 798 195
973 994 6331
764 840 1346
324 948 297
295 737 1452
344 813 597
130 395 1807
297 619 1218
541 146 9186
610 600 2405
931 557 866
69 293 1796
561 93 380
607 890 2377
122 519 2493
49 378 4433
802 310 3442
316 558 220
157 954 4641
792 952 1350
946 129 117
598 723 1212
72 660 2799
228 779 5978
30 248 4970
471 835 585
591 528 565
529 120 1323
609 388 4692
666 863 1680
881 778 7575
242 146 7553
476 226 2247
281 781 1368
699 307 4488
675 590 800
238 564 5624
784 927 1185
966 909 930
908 338 564
497 706 1630
554 305 4889
191 243 920
343 642 1092
199 433 534
41 907 2277
613 937 1496
322 120 5355
623 979 210
769 380 5860
991 372 3159
161 125 1046
887 561 3241
285 695 8515
699 877 0
86 923 898
231 62 4447
74 861 3397
67 255 6631
97 485 1228
345 677 4038
176 196 363
678 976 1043
988 934 1200
474 819 919
661 177 3178
802 439 1070
422 627 537
321 696 587
514 488 167
316 941 2652
151 644 3262
530 93 451
896 445 1763
416 742 125
405 291 7154
546 575 1280
470 681 3198
193 931 496
602 594 3992
951 83 6146
823 574 1497
358 269 2635
594 493 1068
979 52 2813
579 173 1255
527 768 640
450 892 1280
585 943 1980
309 514 1340
709 854 2061
462 866 1422
108 211 24
355 773 892
247 766 153
320 130 604
662 136 900
321 580 596
161 295 924
584 91 6254
474 689 0
104 28 2755
776 879 5362
422 225 384
440 387 523
16 513 1363
802 992 1056
117 118 2413
841 884 6121
996 998 1037
894 15 1573
130 734 360
403 868 4
451 453 6181
551 373 2443
628 133 396
877 393 1396
546 660 4051
25 391 608
380 993 1484
295 923 1486
178 282 6018
355 997 2206
420 227 145
499 663 76
980 318 1240
210 341 898
976 56 330
266 975 2837
396 698 5486
104 142 1051
12 57 188
451 620 80
385 892 773
87 882 2863
706 234 2385
80 396 709
134 487 3268
983 88 1305
483 473 1186
765 454 460
668 824 784
548 946 3010
332 844 4722
386 72 1995
948 525 6070
461 813 103
967 810 1496
684 705 898
14 401 1090
749 588 1034
851 343 79
603 212 1897
878 157 1344
607 690 3667
11 305 5359
288 806 4145
112 929 10192
694 42 7911
280 876 4762
821 705 1343
760 216 960
589 437 6812
509 168 960
117 716 1345
395 822 4097
773 434 1075
188 807 72
468 197 148
99 701 2411
653 147 1935
702 252 224
112 426 936
299 279 2047
406 119 1948
539 631 2604
821 778 3697
717 359 992
335 92 552
683 549 3581
786 636 57
924 188 2917
675 867 548
208 491 1366
556 98 392
104 930 1470
255 972 348
444 956 3615
456 436 1308
905 21 1001
519 765 0
823 213 2958
147 437 4654
422 759 224
437 223 1029
933 389 1428
427 567 1605
24 888 5925
669 207 780
707 594 4118
68 992 1249
498 767 3234
797 24 900
14 440 4139
933 254 1044
233 215 1555
45 289 1068
675 245 1344
152 450 2852
235 330 1083
685 190 2086
734 617 3462
595 438 1697
431 475 492
828 547 144
511 676 4585
320 700 1176
777 468 1368
890 869 45
281 434 1016
467 250 2669
413 552 808
499 409 2695
946 898 360
184 691 1630
675 962 4755
823 208 3575
605 618 1323
981 442 4779
774 311 4821
143 976 337
386 488 5514
449 258 1392
118 676 4851
755 905 759
539 491 5219
591 503 1450
332 117 605
244 44 3450
280 616 3860
200 858 390
36 275 144
666 983 1993
832 848 378
783 15 1232
332 117 698
92 459 609
145 524 1227
662 861 610
702 50 2132
940 253 1718
5 574 403
992 245 398
597 91 755
661 446 1034
663 74 2660
720 920 292
501 17 553
614 818 95
527 977 664
702 917 275
609 940 3230
325 739 781
654 823 1927
831 636 1080
262 853 544
105 702 1735
632 262 1198
941 972 4618
262 542 347
130 895 584
702 147 1776
585 72 656
284 587 293
655 203 2350
892 704 45
191 553 6079
441 348 2725
768 410 1100
51 819 4501
277 742 2435
337 833 3486
45 422 1238
203 793 399
112 510 1164
657 974 884
683 375 5892
443 788 717
202 94 1888
152 528 924
176 829 3001
792 597 3593
556 558 1804
887 191 946
982 166 636
853 460 12
547 333 3512
2 896 411
17 367 157
499 594 8120
331 437 743
985 263 5043
579 941 5577
179 902 614
419 883 428
599 833 4389
520 142 399
402 816 2389
516 305 1674
642 921 1444
835 634 2783
680 316 211
389 635 458
175 150 384
823 429 720
198 691 2920
334 778 6040
41 431 3077
612 552 387
614 662 2116
108 363 412
167 829 5377
609 467 1541
902 264 248
771 248 600
549 307 3119
809 181 2761
597 43 2816
965 1000 373
734 996 1878
733 527 1125
78 691 1417
414 143 909
68 742 3807
856 472 551
865 940 819
814 447 2510
302 242 200
191 674 2331
627 643 608
678 116 2696
782 139 54
300 998 1671
720 751 1657
781 143 600
41 658 2455
221 837 6143
362 486 7772
105 603 2124
921 162 330
52 562 665
83 255 1141
418 621 486
228 642 591
557 341 522
57 617 1000
904 266 880
882 808 1474
783 52 515
773 516 4706
951 793 2236
680 610 1200
585 813 1519
109 447 3253
992 467 89
256 611 5078
527 831 1380
755 148 1356
66 60 492
800 104 1161
439 525 8344
108 579 1052
648 755 477
571 169 3387
289 932 1896
530 353 986
382 357 900
163 145 4874
74 543 672
811 985 658
143 397 1036
659 574 1604
243 436 254
523 827 3288
410 341 80
156 138 990
409 488 5053
467 768 1190
664 574 4082
912 7 1101
265 817 687
517 602 430
966 23 2674
475 756 2537
844 443 789
925 407 1206
754 340 540
173 278 1573
936 761 3177
176 417 1349
916 780 580
273 608 6276
141 360 3650
672 282 3436
50 241 235
332 910 345
178 862 1038
415 292 1245
534 390 1305
482 830 440
181 371 555
818 40 1868
16 758 1197
244 451 731
543 326 1312
809 128 3082
492 926 5350
172 933 388
214 551 1430
728 779 3723
768 65 11
112 795 4462
851 495 785
455 721 1882
543 70 676
171 738 3916
150 538 1625
654 763 840
813 695 5595
435 135 3505
333 825 851
343 601 5294
99 5 1181
446 403 1717
167 901 292
892 116 502
65 21 1894
641 49 110
362 598 1204
334 913 735
108 140 1466
74 783 1369
619 743 2673
30 299 1116
704 690 60
813 480 401
797 508 462
566 522 1188
670 812 1174
841 4 1194
872 962 3246
556 227 858
210 236 1497
539 842 3265
219 398 250
828 686 1170
545 185 222
480 247 680
840 438 810
118 636 1968
771 572 1654
777 131 2401
908 8 925
239 548 364
343 857 257
308 56 3263
799 94 1152
251 347 1265
51 855 3371
344 473 972
330 121 402
955 750 837
805 639 784
12 7 3580
245 47 159
380 263 1140
385 767 284
473 927 335
199 788 2423
997 115 2412
382 807 3750
943 160 1020
140 501 1464
25 299 2038
250 26 1248
506 289 3328
345 889 965
523 333 3050
349 970 367
802 207 1583
49 996 2829
68 898 2862
662 741 1000
546 304 1847
439 276 401
168 821 956
838 994 5734
916 807 1327
425 111 51
456 706 930
940 218 4595
350 81 195
129 876 3646
820 948 3416
670 3 997
931 378 2502
928 886 177
701 333 1430
106 283 1896
132 755 2708
241 786 745
26 283 744
742 309 675
152 82 1280
124 644 1112
669 720 3973
54 913 1524
301 676 3675
101 525 4293
112 413 3402
810 931 1575
303 629 1076
392 877 1725
281 387 4801
228 880 646
245 142 1745
3 116 2030
40 10 1738
279 419 725
207 196 365
215 75 677
298 240 2020
675 423 346
352 994 7588
251 891 560
74 646 70
484 525 10463
52 963 765
680 996 873
691 987 620
509 536 660
613 618 2729
286 573 2539
478 689 4489
703 711 1769
894 129 526
584 455 2848
653 67 1488
780 553 966
817 932 225
160 447 81
893 537 3623
960 610 3222
209 945 372
150 864 894
598 115 475
266 75 0
780 972 2694
504 835 414
72 218 5186
999 491 2666
708 46 2015
957 48 4532
190 715 2711
527 87 640
141 586 8163
839 24 902
148 447 862
664 981 840
133 29 1056
108 484 768
209 684 3053
702 405 180
974 331 5026
244 209 644
481 881 1005
996 996 58
838 453 3872
208 986 1282
65 538 1100
606 40 804
988 731 7063
948 892 1874
245 811 2918
127 448 271
363 629 2483
192 750 1718
570 614 688
331 978 1040
13 549 240
733 326 2264
983 56 2643
458 457 2445
319 650 2564
432 491 4711
519 634 672
982 531 1321
570 995 2475
80 806 1452
240 10 2711
915 822 1190
495 60 102
288 153 4129
221 890 534
867 818 1130
848 421 2128
389 638 276
657 930 2692
287 35 1296
3 447 979
784 208 2939
680 322 2041
923 333 2088
504 696 738
75 301 552
400 879 7692
285 233 576
981 733 444
461 442 1904
178 795 3244
585 975 4090
262 829 662
585 171 18
393 354 3750
977 136 2174
786 146 6807
904 189 918
554 418 197
658 424 1795
672 875 1966
976 333 1673
6 250 1306
395 354 3998
423 602 1990
129 942 4413
559 912 5260
784 622 1961
531 698 2210
225 443 1767
304 923 754
314 520 1370
334 360 800
495 593 1462
791 56 2162
757 691 840
113 720 1843
795 516 2369
8 133 2490
20 123 228
111 756 4651
910 694 296
82 334 278
544 515 496
921 710 404
754 324 486
925 375 32
483 567 1934
198 13 3481
133 706 454
365 51 396
642 868 3328
802 172 15
127 538 1313
304 512 990
810 260 1448
70 52 633
597 442 66
140 702 1466
638 520 651
653 635 1200
769 337 420
544 493 7021
267 248 7978
748 685 1145
730 164 519
933 651 4059
625 333 2248
498 171 171
742 573 714
664 257 3767
492 665 1260
806 9 1629
175 455 588
921 21 1361
634 676 775
987 577 36
424 822 2431
641 589 450
999 649 1690
478 444 4442
593 943 1215
495 689 2374
446 266 101
213 723 1091
21 186 456
346 961 1296
168 279 1022
191 151 620
632 973 1269
458 261 808
260 864 565
166 711 1050
2 158 2516
700 114 1362
777 151 2261
545 70 465
324 23 1798
227 236 2481
904 107 265
279 762 518
671 370 500
729 379 161
206 840 2673
620 625 1126
396 199 704
134 642 326
528 262 1961
6 502 1586
185 381 732
762 532 1020
924 376 680
818 518 585
620 39 3410
760 412 2213
534 160 3199
60 282 5732
607 257 1356
646 542 3372
585 715 3451
41 326 2869
935 5 1169
872 870 786
484 748 252
850 224 1166
161 456 410
115 572 2494
499 231 1436
603 838 3122
765 751 772
934 414 1810
386 830 4043
675 783 2229
707 986 4406
167 292 2366
741 43 2952
777 619 1680
348 100 4050
317 526 5660
678 732 1737
593 28 2361
446 291 5583
33 348 651
111 770 1223
979 708 1488
344 346 448
984 305 275
297 367 1451
599 961 1967
862 114 812
60 328 4350
992 254 477
350 671 1130
278 143 1808
292 714 1565
529 744 1268
606 93 1700
17 54 200
783 416 1320
492 666 344
69 850 1118
527 210 840
176 264 1801
841 824 64
239 145 7546
456 151 626
395 230 6267
14 612 1581
483 384 1140
439 458 378
273 201 1223
463 721 1219
825 903 1254
506 820 930
604 237 424
878 868 3192
297 405 1057
29 194 3469
268 560 550
968 436 1756
896 721 1768
348 900 1302
543 428 830
63 693 522
506 358 1086
430 344 234
221 684 1845
904 22 1152
558 736 1010
434 472 2739
911 281 189
178 845 2817
820 355 710
938 585 840
748 105 186
826 382 3903
15 177 1485
680 971 1046
316 755 152
592 210 2027
140 66 816
699 281 438
522 873 1337
849 787 1037
609 638 2543
977 964 1321
907 440 3737
657 916 5371
906 957 1358
989 567 112
726 860 1835
653 353 3801
411 801 1284
892 633 564
794 42 5263
215 126 988
394 916 3421
669 951 1035
106 869 140
198 674 4968
199 776 637
596 918 1320
887 55 998
458 896 741
411 347 823
637 988 810
312 532 7475
898 427 48
671 475 0
547 431 1006
547 96 2961
53 512 2431
639 636 372
198 158 5336
182 440 2487
629 922 418
290 757 445
117 993 10428
386 657 540
72 625 1170
560 612 900
286 739 1263
511 230 6317
570 69 1110
880 424 2928
52 997 175
726 924 1911
779 650 754
556 532 5742
3 335 52
212 28 1375
843 616 2620
971 218 4307
16 401 1493
692 333 3819
50 77 891
628 311 5034
661 858 2056
429 221 888
802 197 1431
500 194 1430
72 476 140
408 775 372
478 312 291
240 179 45
595 533 4365
175 679 225
65 448 28
45 131 972
999 91 1403
297 462 1800
351 630 405
284 374 303
401 860 1487
394 330 568
169 695 4794
642 313 732
855 37 2557
591 93 2843
946 749 748
258 833 159
479 342 235
563 826 35
980 10 3103
16 896 737
946 670 436
828 102 1236
499 550 1488
963 293 312
623 619 1888
188 48 1372
851 529 7971
93 821 683
817 914 3280
448 688 1471
909 594 3323
849 542 630
1000 999 1350
377 186 4807
322 24 900
112 188 7827
529 695 544
338 886 5213
152 14 737
770 678 488
841 975 330
68 599 2487
75 307 2985
654 285 122
672 923 226
90 33 1180
389 326 1004
809 462 1068
426 235 1875
872 722 2907
570 823 976
147 200 743
913 736 195
49 701 3992
894 526 3973
175 961 2817
801 803 1295
601 914 1789
261 330 1148
266 767 1886
712 387 489
34 159 1739
129 616 2822
358 863 1235
265 121 345
8 809 1326
823 520 832
358 882 5116
887 653 304
160 387 1872
544 498 1128
700 64 880
435 681 2455
834 622 282
969 968 426
872 311 5241
17 839 2352
535 672 562
81 328 2786
343 795 3802
266 947 892
991 460 4425
548 892 5848
942 782 273
883 594 274
184 20 635
665 534 728
316 263 7592
797 359 132
670 408 1332
599 977 200
955 334 1320
301 821 1553
540 618 1960
178 759 2072
355 831 2487
557 540 2476
979 870 2420
313 824 3477
770 418 735
763 265 2505
302 704 2169
609 682 980
820 234 4866
993 884 1284
785 366 3342
946 412 702
750 414 750
203 883 2525
760 411 3962
917 890 2651
555 434 930
799 932 1321
314 974 415
643 282 3223
977 410 1021
200 915 1952
585 372 1501
446 656 2727
587 433 682
642 476 1134
176 539 24
476 705 3888
504 779 3571
280 566 286
498 456 88
537 519 1404
470 103 5275
851 655 1182
407 782 780
193 395 840
96 449 172
904 946 310
370 827 1922
346 689 310
979 759 2829
550 481 348
342 952 1607
863 462 705
521 837 5931
239 366 10774
661 652 332
280 1000 1506
365 409 1711
141 793 4282
936 559 364
432 736 1476
945 126 554
585 462 474
770 647 1377
960 295 2048
215 11 366
792 185 509
43 42 155
636 149 1170
141 153 3310
211 416 5351
405 351 1333
749 366 6789
936 673 5753
828 418 1162
61 715 4102
175 620 949
848 961 240
611 656 1411
413 626 207
958 756 2429
450 841 1452
409 300 1581
363 683 588
734 36 1545
691 463 760
422 817 1417
297 123 904
604 176 700
71 407 5847
346 223 5559
505 432 1365
202 301 1294
51 453 8920
544 959 972
659 537 2352
816 102 156
458 79 1050
872 846 588
119 668 1319
346 681 1461
99 147 1050
588 43 3540
392 936 590
799 310 494
378 83 3346
13 225 495
754 787 1989
635 507 424
403 115 660
130 505 20
254 692 453
877 374 1561
117 472 5545
628 22 1471
240 247 1684
683 527 2650
123 776 2320
515 598 3873
185 780 4938
498 825 4848
934 608 5343
297 92 4045
737 353 1254
193 894 330
716 391 458
873 135 1345
410 890 619
574 869 711
220 673 1183
696 487 318
74 729 393
857 155 1831
632 573 1679
730 529 1108
8 381 2909
327 912 1146
249 397 1240
253 328 768
72 376 2840
898 816 557
151 18 1368
659 728 1125
97 925 3334
652 739 992
116 744 3682
214 333 6123
660 120 4417
868 149 752
771 618 1200
75 681 1438
17 751 4745
842 986 1776
108 664 1146
908 239 260
121 762 1875
215 885 569
909 928 1200
280 446 1651
74 79 1717
795 600 1698
630 775 1572
356 359 1240
563 572 7873
672 651 1100
240 5 543
165 158 1840
308 248 5663
111 974 447
286 21 2283
558 703 1791
50 624 1404
320 412 2939
390 611 1430
108 908 546
970 13 549
582 986 6904
690 690 46
609 661 2227
456 648 424
534 165 1085
322 327 735
964 578 1840
358 874 3152
165 56 1885
563 612 3644
110 870 2499
285 965 2422
704 772 1023
544 504 2741
987 457 1289
31 765 212
72 744 7097
523 813 525
700 444 1942
726 761 843
294 909 529
62 496 438
275 18 957
488 730 1251
546 983 716
417 143 820
20 557 2188
538 891 1602
593 121 1398
349 97 129
300 311 4360
252 404 2244
304 805 311
409 292 638
691 509 1102
569 978 4033
215 151 65
517 781 1197
697 923 57
334 421 3428
819 368 972
111 185 465
104 229 1056
333 724 750
776 829 1086
127 65 230
571 644 4918
252 129 1076
809 555 758
78 778 8127
944 693 3296
565 804 976
570 277 350
968 891 3866
470 126 2094
376 387 1407
432 890 1899
355 215 1469
355 268 1244
151 325 273
25 786 3204
894 11 695
603 15 2040
523 431 484
937 986 483
455 785 4482
131 417 626
1000 480 672
933 440 5579
928 767 426
118 329 128
530 270 1743
1000 356 140
137 775 5049
235 507 438
34 591 750
409 577 1791
791 987 339
266 187 753
85 778 1280
355 344 1872
321 32 1100
551 122 2148
392 141 70
484 198 76
91 1 129
506 544 1308
920 825 1354
747 534 1428
35 859 1812
523 3 1189
145 258 54
472 63 623
508 876 1579
446 597 1984
261 240 303
296 573 381
521 667 492
60 352 1803
530 834 362
302 322 994
417 346 99
272 17 1773
480 941 1430
959 240 1118
685 29 2808
627 135 2371
939 599 232
339 156 6695
147 827 2999
854 841 442
77 771 2104
246 88 1264
456 519 4059
423 306 994
752 672 2899
704 915 116
374 156 4103
777 178 798
699 878 59
979 272 18
823 250 1893
606 234 2279
19 995 25
938 586 7182
332 203 4470
461 982 1149
647 695 4752
910 386 789
948 310 128
933 566 1183
928 899 365
939 997 784
485 271 2462
763 255 8225
273 325 2246
546 452 1318
396 593 182
872 998 2534
823 187 1792
315 764 3537
219 616 3294
872 421 4529
325 189 560
127 875 3103
637 9 5587
631 926 559
488 879 2920
823 62 2197
284 266 429
556 522 2020
759 124 1606
965 15 978
810 169 3308
935 461 1222
707 37 3214
359 508 378
467 719 287
502 744 5424
970 325 533
964 368 1320
810 904 1380
946 337 892
889 166 3628
733 228 93
290 477 1390
129 786 1778
154 915 1049
168 989 278
303 238 1429
162 181 598
233 437 6732
151 906 692
108 221 5319
118 855 745
108 499 0
316 269 527
25 529 7157
909 76 313
50 853 1170
915 724 1049
790 223 3689
7 291 1480
190 640 822
938 815 360
12 411 1435
108 167 977
878 48 7270
641 619 1404
704 305 2684
438 101 403
261 612 1306
163 356 1132
212 226 1206
316 388 2029
104 876 4019
355 963 2789
735 47 644
233 362 2852
682 686 2650
464 421 4678
687 246 144
828 325 360
863 234 3445
8 173 902
474 611 996
968 871 1949
442 440 1055
443 756 1296
544 795 3612
231 32 4841
721 848 66
99 633 4060
65 460 2140
66 381 2110
523 698 5058
175 488 4427
992 316 1198
981 417 2741
678 874 324
670 375 2378
337 859 1315
604 995 2593
413 718 893
509 241 478
754 218 4710
349 935 279
98 725 476
255 525 365
620 784 169
246 842 3054
61 102 2307
754 720 2065
951 30 0
465 949 240
20 818 741
581 366 1000
277 83 6685
691 52 889
892 440 775
122 899 1413
872 789 445
919 508 429
604 517 1040
663 408 5901
76 697 279
921 854 2246
314 376 3750
703 500 1021
915 354 1062
151 357 2483
8 570 1276
913 919 674
295 511 400
56 149 990
416 530 350
818 678 1395
713 461 1236
70 36 493
231 298 860
630 311 3846
708 430 946
938 175 636
560 932 1723
111 286 669
166 174 423
839 205 1242
396 606 445
708 615 550
916 730 863
261 182 1400
391 447 3169
338 340 4004
280 518 956
129 135 2983
991 581 8845
154 519 1178
448 838 2345
396 769 682
512 916 2393
511 583 500
669 170 1101
26 83 3032
295 712 3965
213 39 832
594 533 1308
450 897 1462
953 873 415
898 221 756
846 686 1063
953 746 1062
836 128 992
974 909 1395
754 622 1759
358 115 5068
988 49 270
991 494 5404
815 583 1912
132 969 996
27 944 2192
358 591 1385
834 39 1509
652 985 2751
544 541 1314
318 487 871
180 998 1619
133 658 291
499 256 950
976 715 1117
641 427 2625
657 942 5923
893 797 3465
329 283 3411
141 620 2664
675 317 240
933 136 4171
191 398 485
559 129 1790
314 794 1177
817 869 85
117 989 4387
198 889 2307
873 251 416
197 789 593
476 758 247
791 419 3557
179 892 2722
901 563 380
253 822 2100
173 300 1897
976 158 270
822 564 404
463 741 2026
133 758 507
558 337 741
30 361 1365
186 882 697
842 213 10
663 233 2539
700 884 10123
734 180 1265
954 188 49
111 367 535
585 678 1368
585 19 1800
68 730 7158
992 425 207
206 692 487
699 35 1413
834 333 1424
782 972 2486
73 823 1497
895 896 885
552 873 339
780 618 624
758 898 129
857 193 1212
215 94 1829
97 170 126
741 63 1207
645 137 675
241 94 734
687 631 2622
887 400 405
682 906 2273
511 230 6304
628 138 6268
537 841 1226
463 76 676
506 851 1024
185 658 633
414 532 3680
66 470 650
157 50 518
676 650 309
659 595 1406
411 916 1316
749 39 2665
290 420 957
663 678 4752
502 496 510
995 888 7449
360 384 24
474 861 984
820 735 932
123 648 841
679 106 2268
762 782 1480
960 679 1545
54 769 960
260 370 1991
664 810 1280
208 531 75
559 791 1544
172 900 6102
831 860 1248
826 960 321
185 709 1202
38 319 6007
243 404 975
60 242 2441
36 764 156
799 145 3638
784 243 37
851 946 2237
604 720 3866
401 437 4527
23 493 2579
319 771 1335
8 939 2465
713 202 320
377 125 2436
20 138 7052
155 697 1248
49 494 5207
515 314 527
777 867 558
932 270 1362
636 63 1797
787 333 1044
506 942 7567
29 651 1320
570 537 3260
666 937 6349
566 80 88
216 796 1434
620 422 257
937 282 567
893 996 2455
73 16 1011
505 648 1188
689 801 2936
921 795 1254
401 361 224
477 284 527
506 584 154
664 272 630
265 803 4024
291 100 400
403 879 4257
233 434 1982
44 83 3009
801 218 1283
852 942 8226
735 821 4015
145 43 1065
794 868 2019
124 115 925
29 242 247
193 441 405
119 986 3238
910 831 3647
285 892 5159
542 279 812
895 883 4824
677 586 3661
855 183 3063
634 364 912
150 95 1327
541 143 2044
641 998 3880
506 802 900
848 234 921
12 819 720
71 601 5044
448 883 3865
148 732 966
450 9 770
378 605 1410
292 165 1041
556 99 1035
746 135 654
208 723 604
402 684 4507
917 527 409
683 619 2363
918 300 422
118 807 5242
351 212 764
772 779 430
654 887 730
967 505 1708
187 703 540
456 179 912
802 792 1272
306 200 2255
554 9 1606
251 888 6469
488 956 974
144 776 615
747 252 1362
753 659 286
172 675 24
432 225 876
794 294 43
273 192 260
979 303 16
416 466 2842
917 794 1140
412 786 1059
111 828 740
415 13 2283
361 373 228
391 545 105
284 706 18
556 279 4258
865 421 4003
352 928 1642
491 914 382
654 500 5130
899 712 1434
260 265 1283
440 785 556
555 965 780
746 307 1140
462 521 1599
82 736 1152
347 336 516
510 720 4082
192 718 3366
682 510 106
981 191 1482
192 846 1749
917 855 1601
694 697 3760
242 801 2777
252 168 2629
646 822 5671
822 586 1380
749 672 312
604 251 3553
343 556 560
959 703 2884
952 86 176
33 348 614
167 212 4192
933 592 256
315 898 3431
840 715 1005
907 182 1230
519 156 1354
671 42 4361
707 321 1062
934 128 2857
97 659 102
425 261 912
119 837 6191
752 767 4227
43 83 372
196 344 582
285 990 100
820 699 1320
801 331 568
489 803 2309
395 291 5881
515 970 1052
989 684 1095
422 305 5380
140 355 1126
826 450 4119
227 129 732
455 200 1468
826 84 3236
281 770 870
643 767 1153
58 29 1517
921 203 900
800 905 2311
406 58 144
836 811 1278
65 438 2600
422 304 304
43 581 1193
25 53 504
393 557 315
894 754 877
936 895 1113
952 573 1759
371 10 960
501 461 2033
878 722 3076
678 489 2130
646 716 294
542 597 599
510 742 3034
306 432 754
703 601 1266
768 95 840
492 741 5188
109 498 197
839 740 1673
299 786 1147
150 648 167
46 309 920
654 843 2590
316 249 1248
792 435 618
216 554 1312
555 830 2668
161 995 2265
863 151 832
826 306 1496
923 149 1757
952 769 215
527 575 590
874 929 6456
979 275 2759
504 380 5657
342 109 423
733 428 1813
806 309 1263
178 680 1340
556 2 1020
646 524 6902
169 928 480
231 811 4672
460 954 3028
349 36 975
503 166 1980
468 532 5216
374 850 300
653 587 1841
820 592 682
899 234 327
351 948 804
509 59 453
589 34 210
296 56 325
471 627 210
206 632 1300
879 255 310
753 337 1620
951 980 290
873 598 777
73 607 1148
412 775 1532
990 710 2975
392 61 1336
346 749 186
559 845 2946
160 526 1349
670 324 360
204 756 514
161 512 2693
588 437 3391
621 903 3967
45 429 1417
583 177 1948
548 560 3130
901 41 540
643 96 1553
908 708 2787
332 922 2369
701 788 1129
550 627 3370
236 928 250
621 32 816
862 428 576
451 576 444
802 497 936
913 421 2719
338 582 392
643 667 532
183 120 3430
992 119 2392
579 315 33
1000 714 174
741 994 5638
125 12 1152
329 726 270
436 772 3397
207 398 629
197 527 417
379 89 2284
240 535 277
310 378 1194
658 337 811
272 273 201
318 775 1113
313 906 865
319 601 688
73 970 1402
809 361 2216
818 374 1192
851 238 1220
565 450 3807
141 915 5618
179 121 1194
729 219 632
939 797 1910
565 351 2387
394 853 1566
543 812 2481
566 745 4086
802 938 802
249 930 2
950 330 1302
865 612 1452
163 279 3292
409 33 3437
74 379 570
378 516 1698
953 633 2184
589 986 6044
249 943 62
894 387 4570
8 450 4326
41 729 1312
565 379 1170
719 52 1390
344 32 1933
647 296 100
64 586 5743
777 641 188
245 541 397
256 883 7056
665 321 2660
436 639 1014
896 844 1755
66 400 648
394 621 894
748 340 4111
786 581 4758
824 837 4138
333 888 5302
116 608 716
155 633 3552
389 166 3101
297 575 2084
66 752 18
887 391 869
867 893 99
521 830 708
324 949 957
262 838 696
125 612 1242
414 84 186
609 273 598
432 474 1132
946 50 858
112 533 8082
664 68 525
84 212 316
288 23 5959
393 850 480
783 883 3956
392 744 9646
817 797 60
474 169 696
655 50 1865
547 294 469
938 707 1474
331 698 950
114 100 6221
646 380 7802
386 456 1329
550 896 2580
8 297 675
106 573 450
6 394 368
522 40 727
64 324 902
196 799 1000
527 372 1320
161 196 750
776 1 2193
365 110 696
203 253 888
708 837 8129
936 296 3786
237 2 555
92 43 3315
747 268 2028
240 504 652
710 686 15
748 416 4411
545 310 1823
267 414 4126
896 767 2535
511 940 393
556 491 6095
235 869 1827
356 136 1738
579 184 1042
960 515 744
690 248 1446
139 453 1452
318 493 4028
279 656 564
72 581 6529
43 879 1140
292 692 360
375 660 0
312 112 454
200 782 3473
489 453 3434
433 622 1007
477 523 607
824 772 792
730 572 700
684 712 788
662 465 168
513 947 866
281 305 6183
405 122 1863
585 709 1258
120 888 1455
823 617 2698
742 103 2687
633 311 932
200 128 555
915 956 1419
214 889 1740
820 884 11530
192 849 3186
585 905 1597
867 1000 2347
614 302 1615
826 431 3201
541 997 1150
892 740 444
88 362 504
729 530 2646
565 136 4392
924 26 554
394 625 743
934 561 2851
729 880 59
663 92 6109
41 814 2215
78 719 885
652 84 892
115 516 1071
651 217 2899
273 97 1573
343 400 858
362 976 454
301 270 2212
189 630 0
934 818 547
254 872 100
729 461 1838
986 837 3030
784 242 879
289 380 6396
429 562 790
614 100 7222
904 396 204
576 885 38
734 351 1434
451 690 2999
150 677 2578
349 814 585
664 285 794
734 57 2531
949 897 1294
980 143 1613
250 677 576
308 388 3150
535 460 1648
506 967 27
219 728 1184
298 835 3010
955 364 5877
155 67 264
73 652 1726
928 854 760
110 253 4621
73 45 800
752 276 975
78 524 7284
862 122 1335
33 154 204
594 581 2497
652 976 1866
68 779 6875
893 342 444
238 773 248
844 982 475
583 138 4952
375 745 603
680 825 4310
689 912 2744
362 77 524
426 187 3234
276 349 172
647 834 320
130 895 522
324 884 8417
68 120 9586
879 929 991
571 53 1015
689 869 816
127 72 180
850 644 2359
809 32 3458
700 723 4702
161 490 171
871 660 2064
259 730 1726
273 88 2978
938 547 1300
511 871 522
831 258 3454
836 832 660
899 336 1687
137 88 3679
839 616 1084
391 430 780
351 309 1752
196 144 900
535 229 309
292 678 1584
999 385 370
909 354 3366
719 539 314
653 31 4451
687 14 196
198 414 3849
303 890 4043
76 23 1590
80 158 2733
823 444 1296
392 161 1519
403 283 1271
594 217 978
265 674 608
496 715 630
989 524 3624
215 554 852
981 78 326
297 25 600
686 362 446
243 438 2403
181 722 750
116 4 950
608 85 900
901 627 3610
74 54 1092
549 689 535
665 955 592
761 954 3912
399 621 150
981 258 6459
330 26 1742
125 758 375
841 827 442
332 112 348
266 94 1128
783 958 1376
858 540 1538
314 118 840
458 275 1236
504 502 836
885 258 3891
317 656 5300
921 912 3208
365 96 5840
221 668 1320
931 119 1260
735 406 645
312 344 3516
327 183 1242
57 93 693
880 39 4532
477 261 255
904 350 342
379 897 4024
810 443 4034
108 492 1289
543 448 844
959 687 288
374 291 5657
362 96 1468
741 825 1745
885 83 5265
65 190 125
201 6 1116
286 950 175
904 635 246
270 705 691
172 306 1302
285 837 9485
702 878 274
911 811 2752
611 259 1175
980 485 828
44 493 2427
917 282 5284
939 688 1687
506 550 664
1000 169 1111
232 119 2047
818 513 1230
621 307 2224
700 911 209
543 528 502
136 762 944
370 519 1648
406 114 1140
863 164 6183
460 508 145
597 282 1960
856 421 1239
348 449 408
424 594 2140
302 989 1025
773 628 126
108 332 1000
957 853 249
463 33 1635
651 564 2612
679 169 2286
212 819 869
63 956 915
805 944 20
678 362 552
552 56 629
132 845 3870
539 884 9860
272 188 7407
109 23 3459
896 874 1080
82 993 7878
394 848 1203
960 350 2267
349 286 295
279 48 3800
967 743 5028
670 113 224
200 236 634
450 115 1307
699 406 176
851 290 480
590 758 1846
654 893 586
921 262 1152
279 578 520
351 29 570
140 960 480
534 909 1670
450 925 1088
828 561 1926
664 777 624
761 569 324
3 875 1440
172 155 2303
887 627 2269
755 86 330
338 377 505
726 801 3572
36 480 903
810 331 6073
614 316 649
3 854 1223
208 600 231
603 208 3929
594 954 1005
948 746 1386
795 327 746
718 62 267
609 6 2887
337 796 0
906 984 4915
686 40 309
455 840 2126
363 848 5377
845 859 952
727 139 4283
817 220 864
314 206 72
84 624 1579
845 271 1923
68 570 1127
99 76 1607
958 63 2320
719 705 4791
69 90 1038
446 42 4890
267 214 784
979 552 3794
938 152 330
641 25 882
108 267 590
995 703 800
184 888 10622
789 441 156
908 938 2120
52 885 53
207 782 5376
373 305 4583
425 11 1295
991 301 3504
350 382 1380
299 469 1940
670 33 1440
951 493 5541
298 792 829
171 651 2825
13 500 2747
567 500 869
872 407 4742
107 838 2387
908 380 9986
497 721 3023
31 825 928
558 825 3974
86 445 1114
449 942 1474
90 22 131
6 265 973
292 476 907
350 366 7512
165 302 656
997 153 120
189 723 3048
550 596 1025
130 653 257
203 790 1212
129 100 6444
573 253 255
870 998 1694
506 982 5200
851 161 1062
645 925 6284
749 362 495
13 973 1619
767 364 2461
853 985 520
233 640 2568
317 528 1777
12 399 266
976 37 1440
517 119 1581
206 713 400
400 463 1615
203 720 1090
272 950 2120
760 789 1220
530 746 797
12 613 1236
513 821 2105
179 902 696
203 765 2007
461 696 882
913 715 1792
773 55 84
351 474 630
73 393 2295
662 10 1557
307 808 830
108 645 560
184 803 7045
433 138 4505
262 660 1150
332 654 825
551 416 2613
655 531 4231
30 397 2995
793 319 756
320 455 1865
430 650 5085
228 951 1204
185 397 2994
685 787 4277
749 89 504
922 305 6492
817 454 2146
15 611 816
701 271 1208
389 347 3848
977 471 488
12 521 251
847 875 2649
80 840 2551
814 965 430
456 627 1418
515 599 1410
211 839 5890
237 464 0
539 411 3263
480 57 162
34 383 4934
357 693 1784
683 768 3099
501 753 519
20 138 7070
851 669 672
655 613 3342
435 100 6946
555 750 396
70 888 8782
546 440 4901
123 965 1389
843 532 4002
886 854 492
913 433 167
904 5 1043
341 43 4204
206 865 600
952 587 180
681 801 1839
294 266 399
275 844 1150
828 932 2148
401 766 1314
941 581 3995
319 31 648
851 985 4803
604 65 1428
413 633 2926
753 57 1943
195 575 1067
758 199 396
727 46 745
687 243 919
735 815 246
992 314 300
492 257 3555
342 364 6149
431 62 1035
760 286 1122
685 164 7249
792 486 9998
348 876 1186
293 37 1684
718 842 1068
132 182 3893
642 768 996
390 21 1326
616 975 680
134 235 1257
441 813 1049
810 546 450
358 629 965
285 431 2972
452 509 641
844 508 598
186 44 420
796 650 4129
623 875 5489
887 877 689
311 618 680
411 279 135
400 469 3845
593 399 1247
988 696 3990
901 179 3096
370 37 1517
193 311 5074
702 480 2379
865 357 2620
184 71 118
890 368 1110
112 623 210
716 261 1031
887 134 248
261 643 1380
89 37 1962
921 307 3096
215 274 184
178 555 964
768 805 870
620 513 428
330 373 175
238 658 1051
209 633 3592
402 279 4131
378 323 546
966 283 3571
43 230 1154
8 132 41
436 717 364
102 600 2409
843 208 2845
110 652 2323
123 616 4035
342 966 1165
314 838 3273
47 334 1107
260 791 108
811 540 1152
608 139 665
240 333 3142
479 469 4044
775 838 207
572 984 0
320 402 674
816 762 2388
904 333 3628
305 879 861
133 371 2109
128 156 2948
922 434 1247
683 426 1369
151 843 340
502 788 1350
602 324 778
775 230 4373
863 942 5344
363 640 4664
653 856 3837
683 470 1993
669 495 151
317 356 2664
211 517 3791
20 163 801
140 345 680
575 624 2242
320 402 672
342 540 4453
492 884 11997
434 860 1799
921 327 2072
431 622 1414
64 142 849
358 848 3772
153 333 2621
729 56 3113
887 341 2821
890 453 4544
910 817 4441
702 80 458
661 353 3047
880 673 4773
68 146 11050
498 831 1683
462 649 3732
109 413 1488
456 82 748
795 369 1191
468 89 2284
981 689 3031
640 703 992
570 830 3484
192 537 3773
484 936 1308
284 827 3358
904 576 768
821 533 2755
201 154 3159
14 838 2822
642 507 1332
68 861 4400
792 13 1244
180 217 4928
687 914 5551
839 537 141
682 268 1395
80 712 4478
660 205 262
65 491 4498
799 503 0
206 489 3658
216 841 3628
786 811 210
976 353 781
588 472 1272
400 138 6934
249 986 3155
386 308 816
509 849 600
465 424 360
899 186 45
288 81 3689
230 884 2762
547 48 6633
765 649 216
642 195 72
112 479 1355
792 232 180
717 853 1199
414 375 2217
918 854 2960
330 103 3021
560 241 883
409 800 36
817 925 1046
264 19 0
363 508 5882
707 764 553
497 774 968
290 892 4690
464 452 1052
78 14 1388
777 571 546
313 583 1075
664 386 960
244 330 1792
186 376 481
218 42 355
747 739 3191
50 437 4338
977 46 969
894 574 1508
614 691 285
125 494 3206
653 162 2094
184 163 1435
107 529 5807
108 288 716
79 613 2187
41 415 258
499 637 923
527 9 2954
626 745 2611
321 943 243
904 574 1375
756 731 1037
950 769 836
695 837 938
478 500 6426
862 833 4897
461 208 2408
529 380 636
374 588 1230
716 85 6266
61 367 764
599 916 3846
701 469 672
706 189 490
866 487 705
141 542 4462
620 368 2659
396 569 1600
584 834 5022
652 483 192
648 519 3658
792 787 3380
467 287 238
647 9 693
490 987 1247
497 814 1216
699 33 2918
515 314 493
354 888 4507
887 479 66
386 603 1184
518 28 2528
794 301 956
75 840 1222
98 847 1470
836 322 1088
823 451 439
864 724 3779
817 353 877
678 803 4304
845 856 1298
867 862 1301
211 410 5175
11 371 1719
477 300 400
65 419 3385
277 913 2055
434 651 1763
865 346 896
857 261 1748
450 208 1480
25 626 2193
297 759 2455
423 957 3825
57 454 2513
471 59 543
938 160 3842
632 937 3411
809 65 1311
699 398 812
51 219 2259
193 82 648
351 727 195
54 177 3052
69 801 4081
434 9 2008
345 760 525
347 421 339
108 506 906
612 569 349
998 489 1056
816 444 108
966 837 7352
240 813 711
750 839 1938
733 576 2155
284 784 32
518 624 2360
901 43 8159
997 225 78
249 891 1460
711 803 1408
485 241 423
863 100 7451
825 833 285
312 59 4376
285 719 1307
901 339 815
613 48 4092
111 159 1200
166 738 713
150 222 621
191 836 1323
231 289 2821
185 892 3517
402 934 372
898 418 570
55 352 1002
511 504 652
161 473 2378
707 717 924
314 244 262
107 263 7607
27 710 2084
556 745 4880
178 81 1822
647 106 0
252 824 4169
280 739 1959
890 366 5841
45 278 667
212 839 702
528 69 63
295 452 250
200 778 5149
629 961 3187
15 845 90
228 34 125
68 657 1056
215 761 1184
556 714 2217
548 555 2420
937 7 788
725 247 2544
177 888 5979
851 109 1290
332 821 5794
140 565 519
938 361 2473
802 280 1287
533 120 1870
431 482 888
894 715 3211
392 129 2705
349 328 3716
774 806 1133
173 978 7217
755 35 295
322 782 2928
495 699 491
585 817 2383
753 640 1688
363 609 1015
579 437 8226
765 785 966
559 798 7219
303 121 3807
33 924 244
11 37 2983
973 28 792
649 258 785
346 372 149
945 321 783
907 489 2798
687 886 2811
958 204 1966
274 953 1236
645 478 48
352 861 1514
534 225 1484
669 604 100
789 279 3015
968 583 1903
677 494 1040
836 450 933
565 926 4630
996 388 1275
779 305 1250
504 715 2026
717 124 1080
933 751 6015
562 362 199
260 88 1089
908 638 3421
127 569 1674
791 834 2063
299 788 2357
498 756 4475
371 617 434
179 953 1104
